# This file was produced by samtools stats (1.9+htslib-1.9) and can be plotted using plot-bamstats
# This file contains statistics for all reads.
# The command line was:  stats 4717-JW-0008_S4_L002.bam
# CHK, Checksum	[2]Read Names	[3]Sequences	[4]Qualities
# CHK, CRC32 of reads which passed filtering followed by addition (32bit overflow)
CHK	feb1966d	0caef1cc	630114ae
# Summary Numbers. Use `grep ^SN | cut -f 2-` to extract this part.
SN	raw total sequences:	98473824
SN	filtered sequences:	0
SN	sequences:	98473824
SN	is sorted:	0
SN	1st fragments:	49236912
SN	last fragments:	49236912
SN	reads mapped:	93941596
SN	reads mapped and paired:	92571040	# paired-end technology bit set + both mates mapped
SN	reads unmapped:	4532228
SN	reads properly paired:	82385918	# proper-pair bit set
SN	reads paired:	98473824	# paired-end technology bit set
SN	reads duplicated:	0	# PCR or optical duplicate bit set
SN	reads MQ0:	9844961	# mapped and MQ=0
SN	reads QC failed:	0
SN	non-primary alignments:	0
SN	total length:	12032375798	# ignores clipping
SN	total first fragment length:	6283309109	# ignores clipping
SN	total last fragment length:	5749066689	# ignores clipping
SN	bases mapped:	11638432571	# ignores clipping
SN	bases mapped (cigar):	10840611361	# more accurate
SN	bases trimmed:	0
SN	bases duplicated:	0
SN	mismatches:	140436221	# from NM fields
SN	error rate:	1.295464e-02	# mismatches / bases mapped (cigar)
SN	average length:	122
SN	average first fragment length:	128
SN	average last fragment length:	117
SN	maximum length:	135
SN	maximum first fragment length:	135
SN	maximum last fragment length:	135
SN	average quality:	38.4
SN	insert size average:	270.6
SN	insert size standard deviation:	140.7
SN	inward oriented pairs:	38669170
SN	outward oriented pairs:	4147904
SN	pairs with other orientation:	2669072
SN	pairs on different chromosomes:	2868148
SN	percentage of properly paired reads (%):	83.7
# First Fragment Qualities. Use `grep ^FFQ | cut -f 2-` to extract this part.
# Columns correspond to qualities and rows to cycles. First column is the cycle number.
FFQ	1	0	0	0	0	0	0	0	0	0	0	0	0	235236	0	0	0	0	0	0	0	0	0	243393	0	0	0	0	377222	0	0	0	0	975864	0	0	0	0	3160969	0	0	0	44244228	0
FFQ	2	0	0	121	0	0	0	0	0	0	0	0	0	240515	0	0	0	0	0	0	0	0	0	249250	0	0	0	0	381764	0	0	0	0	993048	0	0	0	0	3150356	0	0	0	44221858	0
FFQ	3	0	0	8766	0	0	0	0	0	0	0	0	0	257075	0	0	0	0	0	0	0	0	0	265396	0	0	0	0	410884	0	0	0	0	1011670	0	0	0	0	3228682	0	0	0	44054439	0
FFQ	4	0	0	0	0	0	0	0	0	0	0	0	0	279215	0	0	0	0	0	0	0	0	0	280595	0	0	0	0	440469	0	0	0	0	1034724	0	0	0	0	3340956	0	0	0	43860953	0
FFQ	5	0	0	0	0	0	0	0	0	0	0	0	0	259527	0	0	0	0	0	0	0	0	0	269274	0	0	0	0	431475	0	0	0	0	986060	0	0	0	0	3256482	0	0	0	44034094	0
FFQ	6	0	0	0	0	0	0	0	0	0	0	0	0	264660	0	0	0	0	0	0	0	0	0	265082	0	0	0	0	416999	0	0	0	0	986167	0	0	0	0	3282159	0	0	0	44021845	0
FFQ	7	0	0	57	0	0	0	0	0	0	0	0	0	284346	0	0	0	0	0	0	0	0	0	275627	0	0	0	0	428430	0	0	0	0	1002399	0	0	0	0	3419216	0	0	0	43826837	0
FFQ	8	0	0	0	0	0	0	0	0	0	0	0	0	288637	0	0	0	0	0	0	0	0	0	277750	0	0	0	0	430169	0	0	0	0	1001491	0	0	0	0	3438988	0	0	0	43799877	0
FFQ	9	0	0	0	0	0	0	0	0	0	0	0	0	282969	0	0	0	0	0	0	0	0	0	275912	0	0	0	0	458044	0	0	0	0	931129	0	0	0	0	3378473	0	0	0	43910385	0
FFQ	10	0	0	0	0	0	0	0	0	0	0	0	0	363383	0	0	0	0	0	0	0	0	0	285563	0	0	0	0	501790	0	0	0	0	861034	0	0	0	0	3335723	0	0	0	43889419	0
FFQ	11	0	0	0	0	0	0	0	0	0	0	0	0	359983	0	0	0	0	0	0	0	0	0	293006	0	0	0	0	526444	0	0	0	0	834446	0	0	0	0	3327296	0	0	0	43895737	0
FFQ	12	0	0	0	0	0	0	0	0	0	0	0	0	356974	0	0	0	0	0	0	0	0	0	301997	0	0	0	0	549728	0	0	0	0	808459	0	0	0	0	3301971	0	0	0	43917783	0
FFQ	13	0	0	0	0	0	0	0	0	0	0	0	0	366844	0	0	0	0	0	0	0	0	0	322541	0	0	0	0	584023	0	0	0	0	825959	0	0	0	0	3346280	0	0	0	43791265	0
FFQ	14	0	0	3	0	0	0	0	0	0	0	0	0	380790	0	0	0	0	0	0	0	0	0	339585	0	0	0	0	598957	0	0	0	0	853959	0	0	0	0	3379746	0	0	0	43683872	0
FFQ	15	0	0	0	0	0	0	0	0	0	0	0	0	375764	0	0	0	0	0	0	0	0	0	337941	0	0	0	0	594342	0	0	0	0	852503	0	0	0	0	3371256	0	0	0	43705106	0
FFQ	16	0	0	666	0	0	0	0	0	0	0	0	0	396171	0	0	0	0	0	0	0	0	0	348187	0	0	0	0	607872	0	0	0	0	866938	0	0	0	0	3423216	0	0	0	43593862	0
FFQ	17	0	0	468	0	0	0	0	0	0	0	0	0	415459	0	0	0	0	0	0	0	0	0	353923	0	0	0	0	621563	0	0	0	0	880699	0	0	0	0	3481004	0	0	0	43483796	0
FFQ	18	0	0	1742	0	0	0	0	0	0	0	0	0	401528	0	0	0	0	0	0	0	0	0	346251	0	0	0	0	609414	0	0	0	0	865281	0	0	0	0	3456204	0	0	0	43556492	0
FFQ	19	0	0	1747	0	0	0	0	0	0	0	0	0	428308	0	0	0	0	0	0	0	0	0	353836	0	0	0	0	622964	0	0	0	0	876412	0	0	0	0	3474221	0	0	0	43479424	0
FFQ	20	0	0	377	0	0	0	0	0	0	0	0	0	433565	0	0	0	0	0	0	0	0	0	357112	0	0	0	0	625925	0	0	0	0	876273	0	0	0	0	3463045	0	0	0	43480615	0
FFQ	21	0	0	147	0	0	0	0	0	0	0	0	0	460304	0	0	0	0	0	0	0	0	0	374296	0	0	0	0	647251	0	0	0	0	901516	0	0	0	0	3518427	0	0	0	43334971	0
FFQ	22	0	0	0	0	0	0	0	0	0	0	0	0	463874	0	0	0	0	0	0	0	0	0	380631	0	0	0	0	654756	0	0	0	0	912992	0	0	0	0	3559678	0	0	0	43264981	0
FFQ	23	0	0	1019	0	0	0	0	0	0	0	0	0	476210	0	0	0	0	0	0	0	0	0	387113	0	0	0	0	662151	0	0	0	0	921659	0	0	0	0	3580412	0	0	0	43208348	0
FFQ	24	0	0	836	0	0	0	0	0	0	0	0	0	504713	0	0	0	0	0	0	0	0	0	404209	0	0	0	0	683684	0	0	0	0	946238	0	0	0	0	3665048	0	0	0	43032184	0
FFQ	25	0	0	0	0	0	0	0	0	0	0	0	0	514411	0	0	0	0	0	0	0	0	0	411226	0	0	0	0	690549	0	0	0	0	954867	0	0	0	0	3681302	0	0	0	42984557	0
FFQ	26	0	0	0	0	0	0	0	0	0	0	0	0	523836	0	0	0	0	0	0	0	0	0	414242	0	0	0	0	688920	0	0	0	0	957149	0	0	0	0	3666271	0	0	0	42986494	0
FFQ	27	0	0	107	0	0	0	0	0	0	0	0	0	539386	0	0	0	0	0	0	0	0	0	424131	0	0	0	0	704540	0	0	0	0	973150	0	0	0	0	3707949	0	0	0	42887649	0
FFQ	28	0	0	0	0	0	0	0	0	0	0	0	0	575063	0	0	0	0	0	0	0	0	0	438957	0	0	0	0	723468	0	0	0	0	990572	0	0	0	0	3758682	0	0	0	42750170	0
FFQ	29	0	0	7	0	0	0	0	0	0	0	0	0	587786	0	0	0	0	0	0	0	0	0	448482	0	0	0	0	737462	0	0	0	0	997695	0	0	0	0	3810868	0	0	0	42654612	0
FFQ	30	0	0	0	0	0	0	0	0	0	0	0	0	602412	0	0	0	0	0	0	0	0	0	453953	0	0	0	0	746314	0	0	0	0	1009640	0	0	0	0	3831938	0	0	0	42592655	0
FFQ	31	0	0	59	0	0	0	0	0	0	0	0	0	636780	0	0	0	0	0	0	0	0	0	472166	0	0	0	0	769061	0	0	0	0	1032644	0	0	0	0	3877712	0	0	0	42448490	0
FFQ	32	0	0	0	0	0	0	0	0	0	0	0	0	653551	0	0	0	0	0	0	0	0	0	482305	0	0	0	0	778044	0	0	0	0	1038162	0	0	0	0	3899360	0	0	0	42385490	0
FFQ	33	0	0	1	0	0	0	0	0	0	0	0	0	666739	0	0	0	0	0	0	0	0	0	491964	0	0	0	0	792277	0	0	0	0	1045298	0	0	0	0	3927281	0	0	0	42313352	0
FFQ	34	0	0	369	0	0	0	0	0	0	0	0	0	695317	0	0	0	0	0	0	0	0	0	505240	0	0	0	0	810607	0	0	0	0	1062902	0	0	0	0	3950238	0	0	0	42212239	0
FFQ	35	0	0	18	0	0	0	0	0	0	0	0	0	700605	0	0	0	0	0	0	0	0	0	511763	0	0	0	0	817920	0	0	0	0	1064299	0	0	0	0	3975116	0	0	0	42167191	0
FFQ	36	0	0	56	0	0	0	0	0	0	0	0	0	732335	0	0	0	0	0	0	0	0	0	537006	0	0	0	0	846891	0	0	0	0	1098357	0	0	0	0	4066827	0	0	0	41955440	0
FFQ	37	0	0	183	0	0	0	0	0	0	0	0	0	749081	0	0	0	0	0	0	0	0	0	544288	0	0	0	0	849586	0	0	0	0	1130675	0	0	0	0	4064576	0	0	0	41898523	0
FFQ	38	0	0	2054	0	0	0	0	0	0	0	0	0	792127	0	0	0	0	0	0	0	0	0	555876	0	0	0	0	866635	0	0	0	0	1177566	0	0	0	0	4067491	0	0	0	41775163	0
FFQ	39	0	0	2573	0	0	0	0	0	0	0	0	0	823139	0	0	0	0	0	0	0	0	0	563834	0	0	0	0	877068	0	0	0	0	1224965	0	0	0	0	4052275	0	0	0	41693058	0
FFQ	40	0	0	1863	0	0	0	0	0	0	0	0	0	847464	0	0	0	0	0	0	0	0	0	607104	0	0	0	0	894354	0	0	0	0	1274470	0	0	0	0	4069222	0	0	0	41542435	0
FFQ	41	0	0	15	0	0	0	0	0	0	0	0	0	846120	0	0	0	0	0	0	0	0	0	609314	0	0	0	0	900692	0	0	0	0	1326790	0	0	0	0	4045102	0	0	0	41436475	0
FFQ	42	0	0	269	0	0	0	0	0	0	0	0	0	842715	0	0	0	0	0	0	0	0	0	604828	0	0	0	0	900755	0	0	0	0	1348244	0	0	0	0	4032950	0	0	0	41362172	0
FFQ	43	0	0	1070	0	0	0	0	0	0	0	0	0	862772	0	0	0	0	0	0	0	0	0	612002	0	0	0	0	911202	0	0	0	0	1356004	0	0	0	0	4049308	0	0	0	41227581	0
FFQ	44	0	0	0	0	0	0	0	0	0	0	0	0	884080	0	0	0	0	0	0	0	0	0	626558	0	0	0	0	931640	0	0	0	0	1381973	0	0	0	0	4105263	0	0	0	41019676	0
FFQ	45	0	0	183	0	0	0	0	0	0	0	0	0	877122	0	0	0	0	0	0	0	0	0	625981	0	0	0	0	931254	0	0	0	0	1388333	0	0	0	0	4115898	0	0	0	40940804	0
FFQ	46	0	0	0	0	0	0	0	0	0	0	0	0	891637	0	0	0	0	0	0	0	0	0	628965	0	0	0	0	941780	0	0	0	0	1400438	0	0	0	0	4150445	0	0	0	40796534	0
FFQ	47	0	0	0	0	0	0	0	0	0	0	0	0	885809	0	0	0	0	0	0	0	0	0	631463	0	0	0	0	939628	0	0	0	0	1406205	0	0	0	0	4151530	0	0	0	40725596	0
FFQ	48	0	0	410	0	0	0	0	0	0	0	0	0	900414	0	0	0	0	0	0	0	0	0	638010	0	0	0	0	952314	0	0	0	0	1431586	0	0	0	0	4201381	0	0	0	40546301	0
FFQ	49	0	0	0	0	0	0	0	0	0	0	0	0	929280	0	0	0	0	0	0	0	0	0	657053	0	0	0	0	976428	0	0	0	0	1465561	0	0	0	0	4269947	0	0	0	40302297	0
FFQ	50	0	0	1	0	0	0	0	0	0	0	0	0	932714	0	0	0	0	0	0	0	0	0	657456	0	0	0	0	973072	0	0	0	0	1481714	0	0	0	0	4278852	0	0	0	40206447	0
FFQ	51	0	0	0	0	0	0	0	0	0	0	0	0	935332	0	0	0	0	0	0	0	0	0	659077	0	0	0	0	976694	0	0	0	0	1495983	0	0	0	0	4241752	0	0	0	40150214	0
FFQ	52	0	0	2443	0	0	0	0	0	0	0	0	0	933591	0	0	0	0	0	0	0	0	0	655296	0	0	0	0	974209	0	0	0	0	1525138	0	0	0	0	4218638	0	0	0	40079554	0
FFQ	53	0	0	3266	0	0	0	0	0	0	0	0	0	933832	0	0	0	0	0	0	0	0	0	661424	0	0	0	0	972894	0	0	0	0	1556749	0	0	0	0	4211353	0	0	0	39979059	0
FFQ	54	0	0	1038	0	0	0	0	0	0	0	0	0	945032	0	0	0	0	0	0	0	0	0	671915	0	0	0	0	984571	0	0	0	0	1595528	0	0	0	0	4243302	0	0	0	39807043	0
FFQ	55	0	0	516	0	0	0	0	0	0	0	0	0	949871	0	0	0	0	0	0	0	0	0	671045	0	0	0	0	982598	0	0	0	0	1626074	0	0	0	0	4211338	0	0	0	39737765	0
FFQ	56	0	0	413	0	0	0	0	0	0	0	0	0	963379	0	0	0	0	0	0	0	0	0	679143	0	0	0	0	994858	0	0	0	0	1663194	0	0	0	0	4215300	0	0	0	39594146	0
FFQ	57	0	0	0	0	0	0	0	0	0	0	0	0	953640	0	0	0	0	0	0	0	0	0	683493	0	0	0	0	997970	0	0	0	0	1699181	0	0	0	0	4194105	0	0	0	39505855	0
FFQ	58	0	0	0	0	0	0	0	0	0	0	0	0	963911	0	0	0	0	0	0	0	0	0	687971	0	0	0	0	1004506	0	0	0	0	1707814	0	0	0	0	4221415	0	0	0	39376362	0
FFQ	59	0	0	76	0	0	0	0	0	0	0	0	0	982552	0	0	0	0	0	0	0	0	0	698831	0	0	0	0	1023982	0	0	0	0	1680467	0	0	0	0	4314775	0	0	0	39192501	0
FFQ	60	0	0	0	0	0	0	0	0	0	0	0	0	908253	0	0	0	0	0	0	0	0	0	1330666	0	0	0	0	1091279	0	0	0	0	3243555	0	0	0	0	8495040	0	0	0	32757841	0
FFQ	61	0	0	0	0	0	0	0	0	0	0	0	0	892770	0	0	0	0	0	0	0	0	0	917035	0	0	0	0	900616	0	0	0	0	2214590	0	0	0	0	5590327	0	0	0	37229596	0
FFQ	62	0	0	292	0	0	0	0	0	0	0	0	0	855034	0	0	0	0	0	0	0	0	0	791549	0	0	0	0	842471	0	0	0	0	1825053	0	0	0	0	4580605	0	0	0	38775543	0
FFQ	63	0	0	209	0	0	0	0	0	0	0	0	0	854741	0	0	0	0	0	0	0	0	0	745347	0	0	0	0	810944	0	0	0	0	1664409	0	0	0	0	4161839	0	0	0	39361312	0
FFQ	64	0	0	1532	0	0	0	0	0	0	0	0	0	839846	0	0	0	0	0	0	0	0	0	749432	0	0	0	0	768667	0	0	0	0	1594701	0	0	0	0	3987935	0	0	0	39588075	0
FFQ	65	0	0	965	0	0	0	0	0	0	0	0	0	834825	0	0	0	0	0	0	0	0	0	753231	0	0	0	0	752504	0	0	0	0	1568586	0	0	0	0	3921969	0	0	0	39629217	0
FFQ	66	0	0	3	0	0	0	0	0	0	0	0	0	835936	0	0	0	0	0	0	0	0	0	751785	0	0	0	0	755794	0	0	0	0	1561772	0	0	0	0	3907447	0	0	0	39578662	0
FFQ	67	0	0	2007	0	0	0	0	0	0	0	0	0	854517	0	0	0	0	0	0	0	0	0	765572	0	0	0	0	757282	0	0	0	0	1572462	0	0	0	0	3909794	0	0	0	39460015	0
FFQ	68	0	0	0	0	0	0	0	0	0	0	0	0	875219	0	0	0	0	0	0	0	0	0	777980	0	0	0	0	765828	0	0	0	0	1586500	0	0	0	0	3936062	0	0	0	39310720	0
FFQ	69	0	0	0	0	0	0	0	0	0	0	0	0	864508	0	0	0	0	0	0	0	0	0	783948	0	0	0	0	766357	0	0	0	0	1593050	0	0	0	0	3927040	0	0	0	39248395	0
FFQ	70	0	0	0	0	0	0	0	0	0	0	0	0	864731	0	0	0	0	0	0	0	0	0	779646	0	0	0	0	770221	0	0	0	0	1595561	0	0	0	0	3937161	0	0	0	39165632	0
FFQ	71	0	0	248	0	0	0	0	0	0	0	0	0	881147	0	0	0	0	0	0	0	0	0	787242	0	0	0	0	779209	0	0	0	0	1610378	0	0	0	0	3960942	0	0	0	39024006	0
FFQ	72	0	0	0	0	0	0	0	0	0	0	0	0	909178	0	0	0	0	0	0	0	0	0	802635	0	0	0	0	793334	0	0	0	0	1632509	0	0	0	0	4027788	0	0	0	38806807	0
FFQ	73	0	0	0	0	0	0	0	0	0	0	0	0	944077	0	0	0	0	0	0	0	0	0	825175	0	0	0	0	800406	0	0	0	0	1648940	0	0	0	0	4045727	0	0	0	38629020	0
FFQ	74	0	0	811	0	0	0	0	0	0	0	0	0	923391	0	0	0	0	0	0	0	0	0	836881	0	0	0	0	821831	0	0	0	0	1673431	0	0	0	0	4088301	0	0	0	38474699	0
FFQ	75	0	0	1	0	0	0	0	0	0	0	0	0	933052	0	0	0	0	0	0	0	0	0	835030	0	0	0	0	817119	0	0	0	0	1683657	0	0	0	0	4119564	0	0	0	38356682	0
FFQ	76	0	0	319	0	0	0	0	0	0	0	0	0	941952	0	0	0	0	0	0	0	0	0	841962	0	0	0	0	826053	0	0	0	0	1700796	0	0	0	0	4168895	0	0	0	38190678	0
FFQ	77	0	0	0	0	0	0	0	0	0	0	0	0	955116	0	0	0	0	0	0	0	0	0	850438	0	0	0	0	834941	0	0	0	0	1718804	0	0	0	0	4187289	0	0	0	38050046	0
FFQ	78	0	0	241	0	0	0	0	0	0	0	0	0	943138	0	0	0	0	0	0	0	0	0	844839	0	0	0	0	830265	0	0	0	0	1727804	0	0	0	0	4194117	0	0	0	37983698	0
FFQ	79	0	0	13	0	0	0	0	0	0	0	0	0	976713	0	0	0	0	0	0	0	0	0	857594	0	0	0	0	847359	0	0	0	0	1742335	0	0	0	0	4219471	0	0	0	37806972	0
FFQ	80	0	0	10	0	0	0	0	0	0	0	0	0	973285	0	0	0	0	0	0	0	0	0	863884	0	0	0	0	850087	0	0	0	0	1755495	0	0	0	0	4250663	0	0	0	37682251	0
FFQ	81	0	0	1506	0	0	0	0	0	0	0	0	0	966454	0	0	0	0	0	0	0	0	0	869798	0	0	0	0	852412	0	0	0	0	1766619	0	0	0	0	4296298	0	0	0	37545681	0
FFQ	82	0	0	3071	0	0	0	0	0	0	0	0	0	972423	0	0	0	0	0	0	0	0	0	871560	0	0	0	0	861379	0	0	0	0	1783175	0	0	0	0	4336707	0	0	0	37393546	0
FFQ	83	0	0	0	0	0	0	0	0	0	0	0	0	1032109	0	0	0	0	0	0	0	0	0	900099	0	0	0	0	891320	0	0	0	0	1834548	0	0	0	0	4406048	0	0	0	37080294	0
FFQ	84	0	0	855	0	0	0	0	0	0	0	0	0	1033469	0	0	0	0	0	0	0	0	0	909655	0	0	0	0	889949	0	0	0	0	1861183	0	0	0	0	4429332	0	0	0	36943487	0
FFQ	85	0	0	183	0	0	0	0	0	0	0	0	0	1026159	0	0	0	0	0	0	0	0	0	908986	0	0	0	0	891547	0	0	0	0	1879488	0	0	0	0	4415803	0	0	0	36870193	0
FFQ	86	0	0	61	0	0	0	0	0	0	0	0	0	1029896	0	0	0	0	0	0	0	0	0	910238	0	0	0	0	898037	0	0	0	0	1900736	0	0	0	0	4416529	0	0	0	36761390	0
FFQ	87	0	0	0	0	0	0	0	0	0	0	0	0	1028835	0	0	0	0	0	0	0	0	0	910860	0	0	0	0	899141	0	0	0	0	1910963	0	0	0	0	4423147	0	0	0	36669503	0
FFQ	88	0	0	142	0	0	0	0	0	0	0	0	0	1038066	0	0	0	0	0	0	0	0	0	912143	0	0	0	0	902395	0	0	0	0	1917186	0	0	0	0	4426779	0	0	0	36570425	0
FFQ	89	0	0	4	0	0	0	0	0	0	0	0	0	1110841	0	0	0	0	0	0	0	0	0	950725	0	0	0	0	930646	0	0	0	0	1968162	0	0	0	0	4522961	0	0	0	36207715	0
FFQ	90	0	0	2459	0	0	0	0	0	0	0	0	0	1078001	0	0	0	0	0	0	0	0	0	968783	0	0	0	0	955467	0	0	0	0	2005272	0	0	0	0	4579319	0	0	0	36026131	0
FFQ	91	0	0	0	0	0	0	0	0	0	0	0	0	1072502	0	0	0	0	0	0	0	0	0	954621	0	0	0	0	948601	0	0	0	0	2017757	0	0	0	0	4575988	0	0	0	35969598	0
FFQ	92	0	0	525	0	0	0	0	0	0	0	0	0	1109752	0	0	0	0	0	0	0	0	0	974252	0	0	0	0	974424	0	0	0	0	2041599	0	0	0	0	4669063	0	0	0	35692240	0
FFQ	93	0	0	21	0	0	0	0	0	0	0	0	0	1090603	0	0	0	0	0	0	0	0	0	971793	0	0	0	0	958359	0	0	0	0	2030707	0	0	0	0	4721641	0	0	0	35611755	0
FFQ	94	0	0	0	0	0	0	0	0	0	0	0	0	1094445	0	0	0	0	0	0	0	0	0	969158	0	0	0	0	962403	0	0	0	0	2030224	0	0	0	0	4809898	0	0	0	35440578	0
FFQ	95	0	0	1137	0	0	0	0	0	0	0	0	0	1116976	0	0	0	0	0	0	0	0	0	987630	0	0	0	0	977266	0	0	0	0	2060588	0	0	0	0	4903610	0	0	0	35180592	0
FFQ	96	0	0	1523	0	0	0	0	0	0	0	0	0	1115702	0	0	0	0	0	0	0	0	0	993859	0	0	0	0	978243	0	0	0	0	2071604	0	0	0	0	5022291	0	0	0	34965396	0
FFQ	97	0	0	418	0	0	0	0	0	0	0	0	0	1149506	0	0	0	0	0	0	0	0	0	1020146	0	0	0	0	1004521	0	0	0	0	2094436	0	0	0	0	5160635	0	0	0	34637717	0
FFQ	98	0	0	206	0	0	0	0	0	0	0	0	0	1140196	0	0	0	0	0	0	0	0	0	1028066	0	0	0	0	986161	0	0	0	0	2108732	0	0	0	0	5328677	0	0	0	34393735	0
FFQ	99	0	0	0	0	0	0	0	0	0	0	0	0	1125072	0	0	0	0	0	0	0	0	0	1027461	0	0	0	0	996868	0	0	0	0	2091022	0	0	0	0	5416773	0	0	0	34244832	0
FFQ	100	0	0	0	0	0	0	0	0	0	0	0	0	1156241	0	0	0	0	0	0	0	0	0	1047054	0	0	0	0	1009681	0	0	0	0	2117934	0	0	0	0	5648154	0	0	0	33836666	0
FFQ	101	0	0	0	0	0	0	0	0	0	0	0	0	1175952	0	0	0	0	0	0	0	0	0	1064227	0	0	0	0	1026605	0	0	0	0	2125050	0	0	0	0	5735137	0	0	0	33602903	0
FFQ	102	0	0	351	0	0	0	0	0	3438	0	0	0	1172332	0	0	0	0	0	0	0	0	0	1077641	0	0	0	0	1038081	0	0	0	0	2138284	0	0	0	0	5907930	0	0	0	33304941	0
FFQ	103	0	0	24	0	0	0	0	0	0	0	0	0	1184233	0	0	0	0	0	0	0	0	0	1079116	0	0	0	0	1067093	0	0	0	0	2090940	0	0	0	0	6076480	0	0	0	33056073	0
FFQ	104	0	0	6	0	0	0	0	0	3286	0	0	0	1172381	0	0	0	0	0	0	0	0	0	1086352	0	0	0	0	1085043	0	0	0	0	2086977	0	0	0	0	6153548	0	0	0	32878283	0
FFQ	105	0	0	0	0	0	0	0	0	0	0	0	0	1192111	0	0	0	0	0	0	0	0	0	1094725	0	0	0	0	1128494	0	0	0	0	2052072	0	0	0	0	6273900	0	0	0	32634091	0
FFQ	106	0	0	76	0	0	0	0	0	0	0	0	0	1202241	0	0	0	0	0	0	0	0	0	1096662	0	0	0	0	1145732	0	0	0	0	2077029	0	0	0	0	6375706	0	0	0	32385081	0
FFQ	107	0	0	82	0	0	0	0	0	3500	0	0	0	1238992	0	0	0	0	0	0	0	0	0	1113924	0	0	0	0	1169721	0	0	0	0	2111133	0	0	0	0	6450940	0	0	0	32098694	0
FFQ	108	0	0	0	0	0	0	0	0	3274	0	0	0	1257779	0	0	0	0	0	0	0	0	0	1129629	0	0	0	0	1199979	0	0	0	0	2128508	0	0	0	0	6540793	0	0	0	31827191	0
FFQ	109	0	0	31	0	0	0	0	0	6569	0	0	0	1276091	0	0	0	0	0	0	0	0	0	1119106	0	0	0	0	1227466	0	0	0	0	2123343	0	0	0	0	6585693	0	0	0	31642738	0
FFQ	110	0	0	104	0	0	0	0	0	0	0	0	0	1328438	0	0	0	0	0	0	0	0	0	1104544	0	0	0	0	1244522	0	0	0	0	2135469	0	0	0	0	6740545	0	0	0	31316196	0
FFQ	111	0	0	0	0	0	0	0	0	8161	0	0	0	1309109	0	0	0	0	0	0	0	0	0	1077660	0	0	0	0	1273966	0	0	0	0	2121690	0	0	0	0	6784426	0	0	0	31179793	0
FFQ	112	0	0	702	0	0	0	0	0	24794	0	0	0	1293736	0	0	0	0	0	0	0	0	0	1029465	0	0	0	0	1283436	0	0	0	0	2122545	0	0	0	0	6756712	0	0	0	31125687	0
FFQ	113	0	0	419	0	0	0	0	0	32982	0	0	0	1362284	0	0	0	0	0	0	0	0	0	1053111	0	0	0	0	1298772	0	0	0	0	2183022	0	0	0	0	6769138	0	0	0	30818971	0
FFQ	114	0	0	632	0	0	0	0	0	17875	0	0	0	1387928	0	0	0	0	0	0	0	0	0	1075196	0	0	0	0	1328442	0	0	0	0	2168882	0	0	0	0	6935891	0	0	0	30481923	0
FFQ	115	0	0	945	0	0	0	0	0	26726	0	0	0	1393734	0	0	0	0	0	0	0	0	0	1078680	0	0	0	0	1357083	0	0	0	0	2230548	0	0	0	0	7005942	0	0	0	30176780	0
FFQ	116	0	0	134	0	0	0	0	0	41761	0	0	0	1404872	0	0	0	0	0	0	0	0	0	1045661	0	0	0	0	1359428	0	0	0	0	2288859	0	0	0	0	7039057	0	0	0	29959979	0
FFQ	117	0	0	288	0	0	0	0	0	68769	0	0	0	1361880	0	0	0	0	0	0	0	0	0	1032300	0	0	0	0	1339025	0	0	0	0	2361909	0	0	0	0	6958996	0	0	0	29884583	0
FFQ	118	0	0	258	0	0	0	0	0	94471	0	0	0	1363385	0	0	0	0	0	0	0	0	0	1029970	0	0	0	0	1334736	0	0	0	0	2477521	0	0	0	0	6956800	0	0	0	29612684	0
FFQ	119	0	0	127	0	0	0	0	0	107327	0	0	0	1347360	0	0	0	0	0	0	0	0	0	1001845	0	0	0	0	1322254	0	0	0	0	2526814	0	0	0	0	6879425	0	0	0	29544551	0
FFQ	120	0	0	0	0	0	0	0	0	143245	0	0	0	1367050	0	0	0	0	0	0	0	0	0	1019817	0	0	0	0	1348841	0	0	0	0	2675209	0	0	0	0	6858008	0	0	0	29173925	0
FFQ	121	0	0	370	0	0	0	0	0	158080	0	0	0	1386986	0	0	0	0	0	0	0	0	0	1021224	0	0	0	0	1351397	0	0	0	0	2760148	0	0	0	0	6870486	0	0	0	28893033	0
FFQ	122	0	0	206	0	0	0	0	0	150637	0	0	0	1373531	0	0	0	0	0	0	0	0	0	1025819	0	0	0	0	1360330	0	0	0	0	2780482	0	0	0	0	6992966	0	0	0	28613263	0
FFQ	123	0	0	0	0	0	0	0	0	205760	0	0	0	1306779	0	0	0	0	0	0	0	0	0	1041143	0	0	0	0	1378897	0	0	0	0	2962931	0	0	0	0	6684997	0	0	0	28569198	0
FFQ	124	0	0	83	0	0	0	0	0	240826	0	0	0	1274837	0	0	0	0	0	0	0	0	0	1056690	0	0	0	0	1385235	0	0	0	0	3116011	0	0	0	0	6544036	0	0	0	28383593	0
FFQ	125	0	0	116	0	0	0	0	0	241344	0	0	0	1355197	0	0	0	0	0	0	0	0	0	1096484	0	0	0	0	1447872	0	0	0	0	3142362	0	0	0	0	6634060	0	0	0	27933213	0
FFQ	126	0	0	40	0	0	0	0	0	254080	0	0	0	1277728	0	0	0	0	0	0	0	0	0	1101486	0	0	0	0	1462165	0	0	0	0	3230112	0	0	0	0	6529311	0	0	0	27844971	0
FFQ	127	0	0	1	0	0	0	0	0	281684	0	0	0	1258296	0	0	0	0	0	0	0	0	0	1112369	0	0	0	0	1487662	0	0	0	0	3343471	0	0	0	0	6399628	0	0	0	27663262	0
FFQ	128	0	0	107	0	0	0	0	0	307952	0	0	0	1238152	0	0	0	0	0	0	0	0	0	1120345	0	0	0	0	1501223	0	0	0	0	3436328	0	0	0	0	6226373	0	0	0	27561692	0
FFQ	129	0	0	2	0	0	0	0	0	300596	0	0	0	1210243	0	0	0	0	0	0	0	0	0	1146787	0	0	0	0	1615526	0	0	0	0	3459411	0	0	0	0	6006972	0	0	0	27502016	0
FFQ	130	0	0	11	0	0	0	0	0	331490	0	0	0	1252682	0	0	0	0	0	0	0	0	0	1198705	0	0	0	0	1620260	0	0	0	0	3621398	0	0	0	0	6185585	0	0	0	26872292	0
FFQ	131	0	0	1043	0	0	0	0	0	323976	0	0	0	1230926	0	0	0	0	0	0	0	0	0	1198320	0	0	0	0	1679016	0	0	0	0	3632999	0	0	0	0	6065037	0	0	0	26794279	0
FFQ	132	0	0	2386	0	0	0	0	0	335734	0	0	0	1233054	0	0	0	0	0	0	0	0	0	1222119	0	0	0	0	1723706	0	0	0	0	3685225	0	0	0	0	6022641	0	0	0	26531272	0
FFQ	133	0	0	1018	0	0	0	0	0	319011	0	0	0	1216191	0	0	0	0	0	0	0	0	0	1252370	0	0	0	0	1801097	0	0	0	0	3694575	0	0	0	0	5981557	0	0	0	26258336	0
FFQ	134	0	0	60	0	0	0	0	0	211487	0	0	0	853541	0	0	0	0	0	0	0	0	0	1253392	0	0	0	0	1827763	0	0	0	0	3689897	0	0	0	0	5936726	0	0	0	26172677	0
FFQ	135	0	0	0	0	0	0	0	0	0	0	0	0	0	0	0	0	0	0	0	0	0	0	2491988	0	0	0	0	3221454	0	0	0	0	5676862	0	0	0	0	7352988	0	0	0	17515073	0
# Last Fragment Qualities. Use `grep ^LFQ | cut -f 2-` to extract this part.
# Columns correspond to qualities and rows to cycles. First column is the cycle number.
LFQ	1	0	0	0	0	0	0	0	0	0	0	0	0	762570	0	0	0	0	0	0	0	0	0	545576	0	0	0	0	891976	0	0	0	0	1111896	0	0	0	0	4239991	0	0	0	41684903	0
LFQ	2	0	0	1306	0	0	0	0	0	0	0	0	0	803280	0	0	0	0	0	0	0	0	0	564771	0	0	0	0	919388	0	0	0	0	1160763	0	0	0	0	4374989	0	0	0	41412415	0
LFQ	3	0	0	603	0	0	0	0	0	0	0	0	0	790235	0	0	0	0	0	0	0	0	0	572875	0	0	0	0	933894	0	0	0	0	1184166	0	0	0	0	4418799	0	0	0	41336340	0
LFQ	4	0	0	523	0	0	0	0	0	0	0	0	0	830199	0	0	0	0	0	0	0	0	0	589547	0	0	0	0	981529	0	0	0	0	1236538	0	0	0	0	4592143	0	0	0	41006433	0
LFQ	5	0	0	109	0	0	0	0	0	0	0	0	0	832544	0	0	0	0	0	0	0	0	0	589769	0	0	0	0	967554	0	0	0	0	1221116	0	0	0	0	4536306	0	0	0	41089514	0
LFQ	6	0	0	5	0	0	0	0	0	0	0	0	0	887257	0	0	0	0	0	0	0	0	0	616941	0	0	0	0	1018447	0	0	0	0	1260244	0	0	0	0	4645395	0	0	0	40808623	0
LFQ	7	0	0	0	0	0	0	0	0	0	0	0	0	862764	0	0	0	0	0	0	0	0	0	614503	0	0	0	0	1013433	0	0	0	0	1268041	0	0	0	0	4704435	0	0	0	40773736	0
LFQ	8	0	0	122	0	0	0	0	0	0	0	0	0	928602	0	0	0	0	0	0	0	0	0	629530	0	0	0	0	1043992	0	0	0	0	1304126	0	0	0	0	4790936	0	0	0	40539604	0
LFQ	9	0	0	896	0	0	0	0	0	0	0	0	0	950480	0	0	0	0	0	0	0	0	0	645587	0	0	0	0	1060580	0	0	0	0	1317888	0	0	0	0	4818789	0	0	0	40442692	0
LFQ	10	0	0	2401	0	0	0	0	0	0	0	0	0	952077	0	0	0	0	0	0	0	0	0	658414	0	0	0	0	1079753	0	0	0	0	1331874	0	0	0	0	4866600	0	0	0	40345793	0
LFQ	11	0	0	287	0	0	0	0	0	0	0	0	0	952759	0	0	0	0	0	0	0	0	0	669898	0	0	0	0	1087819	0	0	0	0	1345847	0	0	0	0	4868639	0	0	0	40311663	0
LFQ	12	0	0	0	0	0	0	0	0	0	0	0	0	969920	0	0	0	0	0	0	0	0	0	681891	0	0	0	0	1096222	0	0	0	0	1366185	0	0	0	0	4921182	0	0	0	40201512	0
LFQ	13	0	0	128	0	0	0	0	0	0	0	0	0	1006361	0	0	0	0	0	0	0	0	0	699202	0	0	0	0	1108464	0	0	0	0	1386766	0	0	0	0	4922024	0	0	0	40113967	0
LFQ	14	0	0	1549	0	0	0	0	0	0	0	0	0	1050787	0	0	0	0	0	0	0	0	0	720666	0	0	0	0	1156439	0	0	0	0	1429295	0	0	0	0	5056965	0	0	0	39821211	0
LFQ	15	0	0	893	0	0	0	0	0	0	0	0	0	1067538	0	0	0	0	0	0	0	0	0	732695	0	0	0	0	1163062	0	0	0	0	1455740	0	0	0	0	5111081	0	0	0	39705903	0
LFQ	16	0	0	14	0	0	0	0	0	0	0	0	0	1056091	0	0	0	0	0	0	0	0	0	723573	0	0	0	0	1162480	0	0	0	0	1453827	0	0	0	0	5090233	0	0	0	39750694	0
LFQ	17	0	0	122	0	0	0	0	0	0	0	0	0	1089038	0	0	0	0	0	0	0	0	0	733855	0	0	0	0	1173690	0	0	0	0	1461701	0	0	0	0	5071378	0	0	0	39707128	0
LFQ	18	0	0	218	0	0	0	0	0	0	0	0	0	1140683	0	0	0	0	0	0	0	0	0	760390	0	0	0	0	1221164	0	0	0	0	1499568	0	0	0	0	5114222	0	0	0	39500667	0
LFQ	19	0	0	240	0	0	0	0	0	0	0	0	0	1152492	0	0	0	0	0	0	0	0	0	775103	0	0	0	0	1240399	0	0	0	0	1532495	0	0	0	0	5178065	0	0	0	39358118	0
LFQ	20	0	0	999	0	0	0	0	0	0	0	0	0	1248614	0	0	0	0	0	0	0	0	0	799281	0	0	0	0	1267401	0	0	0	0	1572815	0	0	0	0	5269710	0	0	0	39078092	0
LFQ	21	0	0	735	0	0	0	0	0	0	0	0	0	1233289	0	0	0	0	0	0	0	0	0	825746	0	0	0	0	1294746	0	0	0	0	1595587	0	0	0	0	5332704	0	0	0	38954105	0
LFQ	22	0	0	3	0	0	0	0	0	0	0	0	0	1286557	0	0	0	0	0	0	0	0	0	841666	0	0	0	0	1314461	0	0	0	0	1641037	0	0	0	0	5340880	0	0	0	38812308	0
LFQ	23	0	0	174	0	0	0	0	0	0	0	0	0	1365946	0	0	0	0	0	0	0	0	0	878310	0	0	0	0	1351693	0	0	0	0	1691240	0	0	0	0	5305526	0	0	0	38644023	0
LFQ	24	0	0	301	0	0	0	0	0	0	0	0	0	1433151	0	0	0	0	0	0	0	0	0	929507	0	0	0	0	1428839	0	0	0	0	1772252	0	0	0	0	5432250	0	0	0	38240612	0
LFQ	25	0	0	0	0	0	0	0	0	0	0	0	0	1422283	0	0	0	0	0	0	0	0	0	946544	0	0	0	0	1428782	0	0	0	0	1828914	0	0	0	0	5501920	0	0	0	38108469	0
LFQ	26	0	0	4	0	0	0	0	0	0	0	0	0	1520044	0	0	0	0	0	0	0	0	0	962219	0	0	0	0	1454899	0	0	0	0	1905193	0	0	0	0	5512181	0	0	0	37882372	0
LFQ	27	0	0	952	0	0	0	0	0	0	0	0	0	1521322	0	0	0	0	0	0	0	0	0	975275	0	0	0	0	1480268	0	0	0	0	1960564	0	0	0	0	5531386	0	0	0	37767145	0
LFQ	28	0	0	910	0	0	0	0	0	0	0	0	0	1569118	0	0	0	0	0	0	0	0	0	987404	0	0	0	0	1503939	0	0	0	0	2026858	0	0	0	0	5575147	0	0	0	37573536	0
LFQ	29	0	0	1106	0	0	0	0	0	0	0	0	0	1600449	0	0	0	0	0	0	0	0	0	1011415	0	0	0	0	1520778	0	0	0	0	2069481	0	0	0	0	5560677	0	0	0	37473006	0
LFQ	30	0	0	2	0	0	0	0	0	0	0	0	0	1613990	0	0	0	0	0	0	0	0	0	1022022	0	0	0	0	1533711	0	0	0	0	2103759	0	0	0	0	5530264	0	0	0	37433164	0
LFQ	31	0	0	238	0	0	0	0	0	0	0	0	0	1724763	0	0	0	0	0	0	0	0	0	1062839	0	0	0	0	1569422	0	0	0	0	2146754	0	0	0	0	5581179	0	0	0	37151717	0
LFQ	32	0	0	507	0	0	0	0	0	0	0	0	0	1800476	0	0	0	0	0	0	0	0	0	1104267	0	0	0	0	1625113	0	0	0	0	2225953	0	0	0	0	5687786	0	0	0	36792810	0
LFQ	33	0	0	1	0	0	0	0	0	0	0	0	0	1898575	0	0	0	0	0	0	0	0	0	1153085	0	0	0	0	1660908	0	0	0	0	2289360	0	0	0	0	5710162	0	0	0	36524821	0
LFQ	34	0	0	2427	0	0	0	0	0	0	0	0	0	1890562	0	0	0	0	0	0	0	0	0	1176494	0	0	0	0	1701655	0	0	0	0	2363350	0	0	0	0	5751004	0	0	0	36351420	0
LFQ	35	0	0	367	0	0	0	0	0	0	0	0	0	1972045	0	0	0	0	0	0	0	0	0	1207457	0	0	0	0	1712246	0	0	0	0	2439572	0	0	0	0	5704290	0	0	0	36200935	0
LFQ	36	0	0	1140	0	0	0	0	0	0	0	0	0	1988984	0	0	0	0	0	0	0	0	0	1241361	0	0	0	0	1747301	0	0	0	0	2490623	0	0	0	0	5722031	0	0	0	36045472	0
LFQ	37	0	0	473	0	0	0	0	0	0	0	0	0	2029516	0	0	0	0	0	0	0	0	0	1267286	0	0	0	0	1759626	0	0	0	0	2548038	0	0	0	0	5740598	0	0	0	35891375	0
LFQ	38	0	0	678	0	0	0	0	0	0	0	0	0	2132814	0	0	0	0	0	0	0	0	0	1302462	0	0	0	0	1781510	0	0	0	0	2634557	0	0	0	0	5729922	0	0	0	35654969	0
LFQ	39	0	0	16	0	0	0	0	0	0	0	0	0	2275286	0	0	0	0	0	0	0	0	0	1326719	0	0	0	0	1792544	0	0	0	0	2695554	0	0	0	0	5734735	0	0	0	35412058	0
LFQ	40	0	0	114	0	0	0	0	0	0	0	0	0	2328353	0	0	0	0	0	0	0	0	0	1479054	0	0	0	0	1831421	0	0	0	0	2787305	0	0	0	0	5762932	0	0	0	35047733	0
LFQ	41	0	0	2	0	0	0	0	0	0	0	0	0	2237790	0	0	0	0	0	0	0	0	0	1482767	0	0	0	0	1805350	0	0	0	0	2788644	0	0	0	0	5733981	0	0	0	34954350	0
LFQ	42	0	0	421	0	0	0	0	0	0	0	0	0	2177742	0	0	0	0	0	0	0	0	0	1470620	0	0	0	0	1793125	0	0	0	0	2812543	0	0	0	0	5697796	0	0	0	34812868	0
LFQ	43	0	0	724	0	0	0	0	0	0	0	0	0	2282696	0	0	0	0	0	0	0	0	0	1491924	0	0	0	0	1782236	0	0	0	0	2820376	0	0	0	0	5694870	0	0	0	34452862	0
LFQ	44	0	0	0	0	0	0	0	0	0	0	0	0	2361652	0	0	0	0	0	0	0	0	0	1538867	0	0	0	0	1789504	0	0	0	0	2841917	0	0	0	0	5706653	0	0	0	34049729	0
LFQ	45	0	0	93	0	0	0	0	0	0	0	0	0	2188183	0	0	0	0	0	0	0	0	0	1558586	0	0	0	0	1733732	0	0	0	0	2849198	0	0	0	0	5699810	0	0	0	34029705	0
LFQ	46	0	0	1363	0	0	0	0	0	0	0	0	0	2189769	0	0	0	0	0	0	0	0	0	1547725	0	0	0	0	1705846	0	0	0	0	2838409	0	0	0	0	5708508	0	0	0	33830818	0
LFQ	47	0	0	664	0	0	0	0	0	0	0	0	0	2115092	0	0	0	0	0	0	0	0	0	1566164	0	0	0	0	1641309	0	0	0	0	2800588	0	0	0	0	5670180	0	0	0	33792817	0
LFQ	48	0	0	70	0	0	0	0	0	0	0	0	0	2179930	0	0	0	0	0	0	0	0	0	1625147	0	0	0	0	1583705	0	0	0	0	2790057	0	0	0	0	5678604	0	0	0	33492016	0
LFQ	49	0	0	433	0	0	0	0	0	0	0	0	0	2094699	0	0	0	0	0	0	0	0	0	1660304	0	0	0	0	1509617	0	0	0	0	2772196	0	0	0	0	5663348	0	0	0	33415083	0
LFQ	50	0	0	635	0	0	0	0	0	0	0	0	0	2090912	0	0	0	0	0	0	0	0	0	1663587	0	0	0	0	1478504	0	0	0	0	2755582	0	0	0	0	5667081	0	0	0	33224644	0
LFQ	51	0	0	1194	0	0	0	0	0	0	0	0	0	2096844	0	0	0	0	0	0	0	0	0	1692262	0	0	0	0	1439535	0	0	0	0	2754059	0	0	0	0	5696177	0	0	0	32971082	0
LFQ	52	0	0	0	0	0	0	0	0	0	0	0	0	2099233	0	0	0	0	0	0	0	0	0	1695472	0	0	0	0	1420870	0	0	0	0	2755378	0	0	0	0	5704091	0	0	0	32747515	0
LFQ	53	0	0	962	0	0	0	0	0	0	0	0	0	2014749	0	0	0	0	0	0	0	0	0	1678851	0	0	0	0	1404710	0	0	0	0	2735398	0	0	0	0	5665283	0	0	0	32693918	0
LFQ	54	0	0	3120	0	0	0	0	0	0	0	0	0	2054595	0	0	0	0	0	0	0	0	0	1677266	0	0	0	0	1405894	0	0	0	0	2724984	0	0	0	0	5652331	0	0	0	32446834	0
LFQ	55	0	0	2892	0	0	0	0	0	0	0	0	0	2045999	0	0	0	0	0	0	0	0	0	1699750	0	0	0	0	1412073	0	0	0	0	2733245	0	0	0	0	5644259	0	0	0	32203016	0
LFQ	56	0	0	239	0	0	0	0	0	0	0	0	0	2111846	0	0	0	0	0	0	0	0	0	1715371	0	0	0	0	1419582	0	0	0	0	2747384	0	0	0	0	5671615	0	0	0	31855685	0
LFQ	57	0	0	249	0	0	0	0	0	0	0	0	0	2002970	0	0	0	0	0	0	0	0	0	1689500	0	0	0	0	1405954	0	0	0	0	2738564	0	0	0	0	5669193	0	0	0	31792958	0
LFQ	58	0	0	745	0	0	0	0	0	0	0	0	0	2008015	0	0	0	0	0	0	0	0	0	1668760	0	0	0	0	1406121	0	0	0	0	2737642	0	0	0	0	5683417	0	0	0	31576626	0
LFQ	59	0	0	39	0	0	0	0	0	0	0	0	0	2031252	0	0	0	0	0	0	0	0	0	1653646	0	0	0	0	1410688	0	0	0	0	2722507	0	0	0	0	5672117	0	0	0	31390914	0
LFQ	60	0	0	2000	0	0	0	0	0	0	0	0	0	1951540	0	0	0	0	0	0	0	0	0	2824958	0	0	0	0	1861308	0	0	0	0	4923597	0	0	0	0	9569225	0	0	0	23561495	0
LFQ	61	0	0	0	0	0	0	0	0	0	0	0	0	1838627	0	0	0	0	0	0	0	0	0	1957361	0	0	0	0	1465960	0	0	0	0	3580778	0	0	0	0	7223383	0	0	0	28414065	0
LFQ	62	0	0	968	0	0	0	0	0	0	0	0	0	1801060	0	0	0	0	0	0	0	0	0	1637455	0	0	0	0	1329857	0	0	0	0	2930068	0	0	0	0	6047654	0	0	0	30539525	0
LFQ	63	0	0	54	0	0	0	0	0	0	0	0	0	1756488	0	0	0	0	0	0	0	0	0	1518479	0	0	0	0	1274941	0	0	0	0	2643787	0	0	0	0	5544731	0	0	0	31368290	0
LFQ	64	0	0	3	0	0	0	0	0	0	0	0	0	1775003	0	0	0	0	0	0	0	0	0	1480183	0	0	0	0	1258058	0	0	0	0	2543645	0	0	0	0	5330833	0	0	0	31544693	0
LFQ	65	0	0	19	0	0	0	0	0	0	0	0	0	1699588	0	0	0	0	0	0	0	0	0	1455864	0	0	0	0	1229045	0	0	0	0	2495851	0	0	0	0	5156379	0	0	0	31717796	0
LFQ	66	0	0	1488	0	0	0	0	0	0	0	0	0	1702975	0	0	0	0	0	0	0	0	0	1439694	0	0	0	0	1227007	0	0	0	0	2471028	0	0	0	0	5130588	0	0	0	31609775	0
LFQ	67	0	0	18	0	0	0	0	0	0	0	0	0	1668911	0	0	0	0	0	0	0	0	0	1427713	0	0	0	0	1229127	0	0	0	0	2464341	0	0	0	0	5072929	0	0	0	31549322	0
LFQ	68	0	0	293	0	0	0	0	0	0	0	0	0	1726727	0	0	0	0	0	0	0	0	0	1424741	0	0	0	0	1225519	0	0	0	0	2476414	0	0	0	0	5051725	0	0	0	31335609	0
LFQ	69	0	0	1	0	0	0	0	0	0	0	0	0	1646483	0	0	0	0	0	0	0	0	0	1404842	0	0	0	0	1204160	0	0	0	0	2466625	0	0	0	0	5080113	0	0	0	31277534	0
LFQ	70	0	0	1097	0	0	0	0	0	0	0	0	0	1659895	0	0	0	0	0	0	0	0	0	1388501	0	0	0	0	1214389	0	0	0	0	2470766	0	0	0	0	5065469	0	0	0	31116322	0
LFQ	71	0	0	51	0	0	0	0	0	0	0	0	0	1684333	0	0	0	0	0	0	0	0	0	1402577	0	0	0	0	1224914	0	0	0	0	2500300	0	0	0	0	5074388	0	0	0	30867808	0
LFQ	72	0	0	3	0	0	0	0	0	0	0	0	0	1688744	0	0	0	0	0	0	0	0	0	1406325	0	0	0	0	1222886	0	0	0	0	2502202	0	0	0	0	5086697	0	0	0	30683313	0
LFQ	73	0	0	827	0	0	0	0	0	0	0	0	0	1677148	0	0	0	0	0	0	0	0	0	1411923	0	0	0	0	1224655	0	0	0	0	2523349	0	0	0	0	5091899	0	0	0	30493696	0
LFQ	74	0	0	169	0	0	0	0	0	0	0	0	0	1730677	0	0	0	0	0	0	0	0	0	1431921	0	0	0	0	1244950	0	0	0	0	2539112	0	0	0	0	5114077	0	0	0	30197033	0
LFQ	75	0	0	289	0	0	0	0	0	0	0	0	0	1665921	0	0	0	0	0	0	0	0	0	1417958	0	0	0	0	1218773	0	0	0	0	2525609	0	0	0	0	5149735	0	0	0	30122977	0
LFQ	76	0	0	386	0	0	0	0	0	0	0	0	0	1650626	0	0	0	0	0	0	0	0	0	1416061	0	0	0	0	1233748	0	0	0	0	2532012	0	0	0	0	5234436	0	0	0	29873786	0
LFQ	77	0	0	0	0	0	0	0	0	0	0	0	0	1645671	0	0	0	0	0	0	0	0	0	1408697	0	0	0	0	1225872	0	0	0	0	2537660	0	0	0	0	5268738	0	0	0	29694737	0
LFQ	78	0	0	3321	0	0	0	0	0	0	0	0	0	1648420	0	0	0	0	0	0	0	0	0	1418661	0	0	0	0	1242265	0	0	0	0	2525675	0	0	0	0	5267516	0	0	0	29512947	0
LFQ	79	0	0	45	0	0	0	0	0	0	0	0	0	1658712	0	0	0	0	0	0	0	0	0	1427116	0	0	0	0	1234695	0	0	0	0	2515449	0	0	0	0	5452217	0	0	0	29170090	0
LFQ	80	0	0	1569	0	0	0	0	0	0	0	0	0	1731694	0	0	0	0	0	0	0	0	0	1457387	0	0	0	0	1230414	0	0	0	0	2516325	0	0	0	0	5604024	0	0	0	28754759	0
LFQ	81	0	0	1	0	0	0	0	0	0	0	0	0	1626861	0	0	0	0	0	0	0	0	0	1452614	0	0	0	0	1247307	0	0	0	0	2539284	0	0	0	0	5640530	0	0	0	28631747	0
LFQ	82	0	0	664	0	0	0	0	0	0	0	0	0	1630491	0	0	0	0	0	0	0	0	0	1447512	0	0	0	0	1251699	0	0	0	0	2557055	0	0	0	0	5710225	0	0	0	28377504	0
LFQ	83	0	0	430	0	0	0	0	0	0	0	0	0	1647516	0	0	0	0	0	0	0	0	0	1414188	0	0	0	0	1252378	0	0	0	0	2510038	0	0	0	0	5779770	0	0	0	28208374	0
LFQ	84	0	0	572	0	0	0	0	0	0	0	0	0	1698503	0	0	0	0	0	0	0	0	0	1470521	0	0	0	0	1259503	0	0	0	0	2503654	0	0	0	0	5924601	0	0	0	27795199	0
LFQ	85	0	0	7	0	0	0	0	0	0	0	0	0	1615546	0	0	0	0	0	0	0	0	0	1467629	0	0	0	0	1271513	0	0	0	0	2470491	0	0	0	0	6107094	0	0	0	27560657	0
LFQ	86	0	0	0	0	0	0	0	0	0	0	0	0	1614062	0	0	0	0	0	0	0	0	0	1452345	0	0	0	0	1267275	0	0	0	0	2446660	0	0	0	0	6286091	0	0	0	27260232	0
LFQ	87	0	0	407	0	0	0	0	0	3815	0	0	0	1638157	0	0	0	0	0	0	0	0	0	1412560	0	0	0	0	1271244	0	0	0	0	2439910	0	0	0	0	6362044	0	0	0	27036260	0
LFQ	88	0	0	1	0	0	0	0	0	3823	0	0	0	1636048	0	0	0	0	0	0	0	0	0	1435062	0	0	0	0	1285740	0	0	0	0	2454136	0	0	0	0	6411749	0	0	0	26776164	0
LFQ	89	0	0	0	0	0	0	0	0	10598	0	0	0	1600217	0	0	0	0	0	0	0	0	0	1430529	0	0	0	0	1312010	0	0	0	0	2443059	0	0	0	0	6512310	0	0	0	26533669	0
LFQ	90	0	0	235	0	0	0	0	0	6676	0	0	0	1565287	0	0	0	0	0	0	0	0	0	1421230	0	0	0	0	1335247	0	0	0	0	2390685	0	0	0	0	6539817	0	0	0	26416193	0
LFQ	91	0	0	63	0	0	0	0	0	3486	0	0	0	1607157	0	0	0	0	0	0	0	0	0	1408187	0	0	0	0	1360486	0	0	0	0	2399544	0	0	0	0	6562280	0	0	0	26163887	0
LFQ	92	0	0	0	0	0	0	0	0	10501	0	0	0	1648181	0	0	0	0	0	0	0	0	0	1364562	0	0	0	0	1343847	0	0	0	0	2377853	0	0	0	0	6612054	0	0	0	25974795	0
LFQ	93	0	0	0	0	0	0	0	0	9674	0	0	0	1578553	0	0	0	0	0	0	0	0	0	1339233	0	0	0	0	1397871	0	0	0	0	2326182	0	0	0	0	6703165	0	0	0	25812276	0
LFQ	94	0	0	37	0	0	0	0	0	19697	0	0	0	1634556	0	0	0	0	0	0	0	0	0	1354956	0	0	0	0	1436893	0	0	0	0	2388631	0	0	0	0	6774774	0	0	0	25383039	0
LFQ	95	0	0	0	0	0	0	0	0	15799	0	0	0	1614057	0	0	0	0	0	0	0	0	0	1324707	0	0	0	0	1435233	0	0	0	0	2328392	0	0	0	0	6786119	0	0	0	25312680	0
LFQ	96	0	0	17	0	0	0	0	0	50126	0	0	0	1586773	0	0	0	0	0	0	0	0	0	1259185	0	0	0	0	1409501	0	0	0	0	2370492	0	0	0	0	6665837	0	0	0	25292389	0
LFQ	97	0	0	20	0	0	0	0	0	55986	0	0	0	1549917	0	0	0	0	0	0	0	0	0	1293848	0	0	0	0	1407034	0	0	0	0	2450397	0	0	0	0	6670395	0	0	0	25025861	0
LFQ	98	0	0	8	0	0	0	0	0	69689	0	0	0	1633982	0	0	0	0	0	0	0	0	0	1263508	0	0	0	0	1450667	0	0	0	0	2460653	0	0	0	0	6715559	0	0	0	24664206	0
LFQ	99	0	0	1196	0	0	0	0	0	58830	0	0	0	1631317	0	0	0	0	0	0	0	0	0	1254963	0	0	0	0	1464537	0	0	0	0	2441052	0	0	0	0	6777009	0	0	0	24440111	0
LFQ	100	0	0	19	0	0	0	0	0	72040	0	0	0	1658236	0	0	0	0	0	0	0	0	0	1238974	0	0	0	0	1474707	0	0	0	0	2502152	0	0	0	0	6808163	0	0	0	24118914	0
LFQ	101	0	0	0	0	0	0	0	0	98451	0	0	0	1561986	0	0	0	0	0	0	0	0	0	1199442	0	0	0	0	1436356	0	0	0	0	2589419	0	0	0	0	6709367	0	0	0	24086380	0
LFQ	102	0	0	176	0	0	0	0	0	90199	0	0	0	1611145	0	0	0	0	0	0	0	0	0	1204483	0	0	0	0	1469602	0	0	0	0	2566465	0	0	0	0	6758012	0	0	0	23785020	0
LFQ	103	0	0	0	0	0	0	0	0	116338	0	0	0	1561342	0	0	0	0	0	0	0	0	0	1200869	0	0	0	0	1450286	0	0	0	0	2665583	0	0	0	0	6680471	0	0	0	23610991	0
LFQ	104	0	0	7	0	0	0	0	0	137711	0	0	0	1611402	0	0	0	0	0	0	0	0	0	1179534	0	0	0	0	1464845	0	0	0	0	2718407	0	0	0	0	6600128	0	0	0	23366035	0
LFQ	105	0	0	799	0	0	0	0	0	182371	0	0	0	1506936	0	0	0	0	0	0	0	0	0	1181998	0	0	0	0	1444693	0	0	0	0	2906362	0	0	0	0	6462438	0	0	0	23194080	0
LFQ	106	0	0	55	0	0	0	0	0	194097	0	0	0	1515875	0	0	0	0	0	0	0	0	0	1187661	0	0	0	0	1486305	0	0	0	0	2978353	0	0	0	0	6439938	0	0	0	22872607	0
LFQ	107	0	0	4675	0	0	0	0	0	173202	0	0	0	1589909	0	0	0	0	0	0	0	0	0	1199860	0	0	0	0	1512570	0	0	0	0	2948170	0	0	0	0	6616769	0	0	0	22428947	0
LFQ	108	0	0	0	0	0	0	0	0	252997	0	0	0	1447475	0	0	0	0	0	0	0	0	0	1204281	0	0	0	0	1506581	0	0	0	0	3160739	0	0	0	0	6192798	0	0	0	22509392	0
LFQ	109	0	0	2	0	0	0	0	0	266955	0	0	0	1345991	0	0	0	0	0	0	0	0	0	1183115	0	0	0	0	1440640	0	0	0	0	3257935	0	0	0	0	6104937	0	0	0	22476520	0
LFQ	110	0	0	7	0	0	0	0	0	293955	0	0	0	1412014	0	0	0	0	0	0	0	0	0	1196451	0	0	0	0	1475759	0	0	0	0	3308785	0	0	0	0	6018703	0	0	0	22166088	0
LFQ	111	0	0	10	0	0	0	0	0	316248	0	0	0	1337660	0	0	0	0	0	0	0	0	0	1216154	0	0	0	0	1479190	0	0	0	0	3399699	0	0	0	0	5913595	0	0	0	22017917	0
LFQ	112	0	0	0	0	0	0	0	0	323551	0	0	0	1359338	0	0	0	0	0	0	0	0	0	1240464	0	0	0	0	1550396	0	0	0	0	3435567	0	0	0	0	5816770	0	0	0	21757623	0
LFQ	113	0	0	210	0	0	0	0	0	322893	0	0	0	1292074	0	0	0	0	0	0	0	0	0	1236114	0	0	0	0	1531390	0	0	0	0	3496710	0	0	0	0	5824455	0	0	0	21587806	0
LFQ	114	0	0	126	0	0	0	0	0	317777	0	0	0	1330078	0	0	0	0	0	0	0	0	0	1233868	0	0	0	0	1556681	0	0	0	0	3473339	0	0	0	0	5819537	0	0	0	21364063	0
LFQ	115	0	0	161	0	0	0	0	0	319165	0	0	0	1311351	0	0	0	0	0	0	0	0	0	1258514	0	0	0	0	1642975	0	0	0	0	3489263	0	0	0	0	5682355	0	0	0	21198105	0
LFQ	116	0	0	665	0	0	0	0	0	327224	0	0	0	1340043	0	0	0	0	0	0	0	0	0	1289164	0	0	0	0	1715963	0	0	0	0	3518469	0	0	0	0	5543598	0	0	0	20966596	0
LFQ	117	0	0	16	0	0	0	0	0	322952	0	0	0	1312441	0	0	0	0	0	0	0	0	0	1287575	0	0	0	0	1677852	0	0	0	0	3575785	0	0	0	0	5651026	0	0	0	20678956	0
LFQ	118	0	0	637	0	0	0	0	0	338350	0	0	0	1388516	0	0	0	0	0	0	0	0	0	1344831	0	0	0	0	1723544	0	0	0	0	3659266	0	0	0	0	5750760	0	0	0	20095100	0
LFQ	119	0	0	0	0	0	0	0	0	324660	0	0	0	1361507	0	0	0	0	0	0	0	0	0	1344127	0	0	0	0	1852944	0	0	0	0	3634898	0	0	0	0	5580310	0	0	0	20006126	0
LFQ	120	0	0	2	0	0	0	0	0	310821	0	0	0	1325783	0	0	0	0	0	0	0	0	0	1339433	0	0	0	0	1905773	0	0	0	0	3567478	0	0	0	0	5468259	0	0	0	19989290	0
LFQ	121	0	0	8	0	0	0	0	0	309188	0	0	0	1304309	0	0	0	0	0	0	0	0	0	1343170	0	0	0	0	1954175	0	0	0	0	3561767	0	0	0	0	5386798	0	0	0	19848907	0
LFQ	122	0	0	23	0	0	0	0	0	320841	0	0	0	1347953	0	0	0	0	0	0	0	0	0	1389508	0	0	0	0	2079387	0	0	0	0	3572632	0	0	0	0	5281084	0	0	0	19514935	0
LFQ	123	0	0	117	0	0	0	0	0	306414	0	0	0	1317236	0	0	0	0	0	0	0	0	0	1385270	0	0	0	0	2138022	0	0	0	0	3517173	0	0	0	0	5339622	0	0	0	19307167	0
LFQ	124	0	0	2	0	0	0	0	0	316072	0	0	0	1370415	0	0	0	0	0	0	0	0	0	1407808	0	0	0	0	2120155	0	0	0	0	3581155	0	0	0	0	5266112	0	0	0	19047426	0
LFQ	125	0	0	222	0	0	0	0	0	314758	0	0	0	1388057	0	0	0	0	0	0	0	0	0	1437003	0	0	0	0	2142765	0	0	0	0	3641958	0	0	0	0	5403877	0	0	0	18586081	0
LFQ	126	0	0	1	0	0	0	0	0	297472	0	0	0	1345292	0	0	0	0	0	0	0	0	0	1427763	0	0	0	0	2213782	0	0	0	0	3533020	0	0	0	0	5466495	0	0	0	18435347	0
LFQ	127	0	0	62	0	0	0	0	0	293268	0	0	0	1344340	0	0	0	0	0	0	0	0	0	1417533	0	0	0	0	2218093	0	0	0	0	3504901	0	0	0	0	5534287	0	0	0	18209262	0
LFQ	128	0	0	0	0	0	0	0	0	298276	0	0	0	1384017	0	0	0	0	0	0	0	0	0	1431560	0	0	0	0	2281068	0	0	0	0	3430368	0	0	0	0	5514576	0	0	0	17980600	0
LFQ	129	0	0	147	0	0	0	0	0	290889	0	0	0	1377058	0	0	0	0	0	0	0	0	0	1458840	0	0	0	0	2356002	0	0	0	0	3374848	0	0	0	0	5658937	0	0	0	17610164	0
LFQ	130	0	0	3	0	0	0	0	0	305081	0	0	0	1444968	0	0	0	0	0	0	0	0	0	1494351	0	0	0	0	2424099	0	0	0	0	3293088	0	0	0	0	5774957	0	0	0	17190375	0
LFQ	131	0	0	350	0	0	0	0	0	278091	0	0	0	1376361	0	0	0	0	0	0	0	0	0	1526232	0	0	0	0	2495694	0	0	0	0	3244989	0	0	0	0	5849010	0	0	0	16958273	0
LFQ	132	0	0	0	0	0	0	0	0	279841	0	0	0	1381193	0	0	0	0	0	0	0	0	0	1511459	0	0	0	0	2506827	0	0	0	0	3250879	0	0	0	0	5880668	0	0	0	16705288	0
LFQ	133	0	0	2	0	0	0	0	0	271375	0	0	0	1334289	0	0	0	0	0	0	0	0	0	1513784	0	0	0	0	2531218	0	0	0	0	3261825	0	0	0	0	5871019	0	0	0	16454237	0
LFQ	134	0	0	1	0	0	0	0	0	184579	0	0	0	974162	0	0	0	0	0	0	0	0	0	1537087	0	0	0	0	2630295	0	0	0	0	3154984	0	0	0	0	6071670	0	0	0	16004606	0
LFQ	135	0	0	0	0	0	0	0	0	0	0	0	0	0	0	0	0	0	0	0	0	0	0	2906237	0	0	0	0	4087992	0	0	0	0	4053945	0	0	0	0	6029699	0	0	0	9503323	0
# GC Content of first fragments. Use `grep ^GCF | cut -f 2-` to extract this part.
GCF	0.25	168
GCF	0.75	122
GCF	1.26	133
GCF	1.76	130
GCF	2.26	134
GCF	2.76	162
GCF	3.27	185
GCF	3.77	201
GCF	4.27	242
GCF	4.77	247
GCF	5.28	289
GCF	5.78	323
GCF	6.28	312
GCF	6.78	408
GCF	7.29	474
GCF	7.79	497
GCF	8.29	566
GCF	8.79	681
GCF	9.30	717
GCF	9.80	784
GCF	10.30	857
GCF	10.80	895
GCF	11.31	1034
GCF	11.81	1065
GCF	12.31	1108
GCF	12.81	1255
GCF	13.32	1343
GCF	13.82	1402
GCF	14.32	1687
GCF	14.82	2037
GCF	15.33	2328
GCF	15.83	2501
GCF	16.33	2891
GCF	16.83	3661
GCF	17.34	3959
GCF	17.84	5061
GCF	18.34	6386
GCF	18.84	7105
GCF	19.35	9599
GCF	19.85	12814
GCF	20.35	14022
GCF	20.85	18385
GCF	21.36	24369
GCF	21.86	26475
GCF	22.36	36388
GCF	22.86	48250
GCF	23.37	51374
GCF	23.87	69359
GCF	24.37	89122
GCF	24.87	93661
GCF	25.38	122016
GCF	25.88	154976
GCF	26.38	158434
GCF	26.88	200693
GCF	27.39	249995
GCF	27.89	253946
GCF	28.39	315517
GCF	28.89	384844
GCF	29.40	459901
GCF	29.90	470062
GCF	30.40	556898
GCF	30.90	643911
GCF	31.41	654664
GCF	31.91	752938
GCF	32.41	843741
GCF	32.91	853900
GCF	33.42	945938
GCF	33.92	1031382
GCF	34.42	1040533
GCF	34.92	1119183
GCF	35.43	1187784
GCF	35.93	1194635
GCF	36.43	1250578
GCF	36.93	1298274
GCF	37.44	1303084
GCF	37.94	1341272
GCF	38.44	1363693
GCF	38.94	1366973
GCF	39.45	1381254
GCF	39.95	1383032
GCF	40.45	1386284
GCF	40.95	1381067
GCF	41.46	1369621
GCF	41.96	1373453
GCF	42.46	1355243
GCF	42.96	1331552
GCF	43.47	1302867
GCF	43.97	1311225
GCF	44.47	1281723
GCF	44.97	1234817
GCF	45.48	1238270
GCF	45.98	1191806
GCF	46.48	1150369
GCF	46.98	1160664
GCF	47.49	1139607
GCF	47.99	1147570
GCF	48.49	1183784
GCF	48.99	1247668
GCF	49.50	1366436
GCF	50.00	1460520
GCF	50.50	1452453
GCF	51.01	1309225
GCF	51.51	1257132
GCF	52.01	1105056
GCF	52.51	1034065
GCF	53.02	1019328
GCF	53.52	978858
GCF	54.02	947816
GCF	54.52	945654
GCF	55.03	920856
GCF	55.53	897109
GCF	56.03	901025
GCF	56.53	877186
GCF	57.04	852776
GCF	57.54	827809
GCF	58.04	827089
GCF	58.54	800857
GCF	59.05	769479
GCF	59.55	762757
GCF	60.05	730432
GCF	60.55	689035
GCF	61.06	674929
GCF	61.56	632398
GCF	62.06	586117
GCF	62.56	570348
GCF	63.07	531620
GCF	63.57	491284
GCF	64.07	474402
GCF	64.57	440520
GCF	65.08	406728
GCF	65.58	392782
GCF	66.08	363093
GCF	66.58	332421
GCF	67.09	320706
GCF	67.59	295788
GCF	68.09	268540
GCF	68.59	256556
GCF	69.10	236215
GCF	69.60	215931
GCF	70.10	205130
GCF	70.60	187304
GCF	71.11	172727
GCF	71.61	157289
GCF	72.11	148606
GCF	72.61	135381
GCF	73.12	122704
GCF	73.62	116060
GCF	74.12	106924
GCF	74.62	98091
GCF	75.13	91290
GCF	75.63	83258
GCF	76.13	76196
GCF	76.63	71565
GCF	77.14	65954
GCF	77.64	60391
GCF	78.14	56715
GCF	78.64	52093
GCF	79.15	48070
GCF	79.65	45578
GCF	80.15	41595
GCF	80.65	38064
GCF	81.16	35578
GCF	81.66	32732
GCF	82.16	30097
GCF	82.66	28190
GCF	83.17	25248
GCF	83.67	22991
GCF	84.17	21618
GCF	84.67	19867
GCF	85.18	18110
GCF	85.68	16303
GCF	86.18	15450
GCF	86.68	14004
GCF	87.19	12906
GCF	87.69	12188
GCF	88.19	11354
GCF	88.69	10588
GCF	89.20	10224
GCF	89.70	9779
GCF	90.20	9203
GCF	90.70	8706
GCF	91.21	8291
GCF	91.71	7953
GCF	92.21	7836
GCF	92.71	7481
GCF	93.22	7111
GCF	93.72	6658
GCF	94.22	6428
GCF	94.72	5942
GCF	95.23	5462
GCF	95.73	5008
GCF	96.23	4527
GCF	96.73	4211
GCF	97.24	3870
GCF	97.74	3261
GCF	98.24	2994
GCF	98.74	2758
GCF	99.50	2464
# GC Content of last fragments. Use `grep ^GCL | cut -f 2-` to extract this part.
GCL	0.25	438
GCL	0.75	293
GCL	1.26	289
GCL	1.76	274
GCL	2.26	312
GCL	2.76	336
GCL	3.27	357
GCL	3.77	450
GCL	4.27	533
GCL	4.77	545
GCL	5.28	620
GCL	5.78	756
GCL	6.28	829
GCL	6.78	948
GCL	7.29	1171
GCL	7.79	1213
GCL	8.29	1383
GCL	8.79	1575
GCL	9.30	1707
GCL	9.80	1828
GCL	10.30	1935
GCL	10.80	2093
GCL	11.31	2333
GCL	11.81	2572
GCL	12.31	2941
GCL	12.81	3287
GCL	13.32	3730
GCL	13.82	4137
GCL	14.32	4637
GCL	14.82	5437
GCL	15.33	6403
GCL	15.83	7305
GCL	16.33	8677
GCL	16.83	10519
GCL	17.34	12191
GCL	17.84	14794
GCL	18.34	18080
GCL	18.84	20932
GCL	19.35	25620
GCL	19.85	31466
GCL	20.35	34934
GCL	20.85	42668
GCL	21.36	52139
GCL	21.86	58100
GCL	22.36	72057
GCL	22.86	87459
GCL	23.37	95452
GCL	23.87	118633
GCL	24.37	142172
GCL	24.87	152608
GCL	25.38	187631
GCL	25.88	227463
GCL	26.38	236029
GCL	26.88	284395
GCL	27.39	341369
GCL	27.89	353294
GCL	28.39	420280
GCL	28.89	494176
GCL	29.40	568154
GCL	29.90	588998
GCL	30.40	676662
GCL	30.90	757595
GCL	31.41	778919
GCL	31.91	867780
GCL	32.41	949139
GCL	32.91	968149
GCL	33.42	1052565
GCL	33.92	1122835
GCL	34.42	1140045
GCL	34.92	1209064
GCL	35.43	1262001
GCL	35.93	1277899
GCL	36.43	1326220
GCL	36.93	1358327
GCL	37.44	1372487
GCL	37.94	1396677
GCL	38.44	1413487
GCL	38.94	1424182
GCL	39.45	1427215
GCL	39.95	1424546
GCL	40.45	1432245
GCL	40.95	1422659
GCL	41.46	1407345
GCL	41.96	1412271
GCL	42.46	1393209
GCL	42.96	1368928
GCL	43.47	1341915
GCL	43.97	1355891
GCL	44.47	1334136
GCL	44.97	1306679
GCL	45.48	1320257
GCL	45.98	1294213
GCL	46.48	1265564
GCL	46.98	1284409
GCL	47.49	1268437
GCL	47.99	1258765
GCL	48.49	1281990
GCL	48.99	1340980
GCL	49.50	1414857
GCL	50.00	1629413
GCL	50.50	1702889
GCL	51.01	1595708
GCL	51.51	1480867
GCL	52.01	1354589
GCL	52.51	1263317
GCL	53.02	1218485
GCL	53.52	1162214
GCL	54.02	1118496
GCL	54.52	1103339
GCL	55.03	1068977
GCL	55.53	1042694
GCL	56.03	1040407
GCL	56.53	1014252
GCL	57.04	992998
GCL	57.54	971416
GCL	58.04	964358
GCL	58.54	942108
GCL	59.05	917401
GCL	59.55	906098
GCL	60.05	881899
GCL	60.55	850147
GCL	61.06	834244
GCL	61.56	802068
GCL	62.06	764918
GCL	62.56	742009
GCL	63.07	708742
GCL	63.57	671722
GCL	64.07	646225
GCL	64.57	614732
GCL	65.08	578439
GCL	65.58	556166
GCL	66.08	520492
GCL	66.58	485951
GCL	67.09	466840
GCL	67.59	435899
GCL	68.09	401849
GCL	68.59	381590
GCL	69.10	353995
GCL	69.60	326238
GCL	70.10	305963
GCL	70.60	281104
GCL	71.11	263332
GCL	71.61	241566
GCL	72.11	225356
GCL	72.61	207396
GCL	73.12	189047
GCL	73.62	176742
GCL	74.12	164668
GCL	74.62	153334
GCL	75.13	141238
GCL	75.63	128944
GCL	76.13	118582
GCL	76.63	110663
GCL	77.14	102162
GCL	77.64	94138
GCL	78.14	87571
GCL	78.64	81139
GCL	79.15	75035
GCL	79.65	71027
GCL	80.15	64939
GCL	80.65	60248
GCL	81.16	55936
GCL	81.66	52391
GCL	82.16	49342
GCL	82.66	46029
GCL	83.17	42014
GCL	83.67	38949
GCL	84.17	36848
GCL	84.67	34665
GCL	85.18	31911
GCL	85.68	29919
GCL	86.18	28506
GCL	86.68	26952
GCL	87.19	25689
GCL	87.69	24301
GCL	88.19	22919
GCL	88.69	22008
GCL	89.20	21561
GCL	89.70	21062
GCL	90.20	20613
GCL	90.70	20378
GCL	91.21	20540
GCL	91.71	20779
GCL	92.21	21013
GCL	92.71	21338
GCL	93.22	21787
GCL	93.72	22586
GCL	94.22	23595
GCL	94.72	24674
GCL	95.23	26214
GCL	95.73	27932
GCL	96.23	30136
GCL	96.73	32173
GCL	97.24	34555
GCL	97.74	37406
GCL	98.24	40812
GCL	98.74	43455
GCL	99.50	47788
# ACGT content per cycle. Use `grep ^GCC | cut -f 2-` to extract this part. The columns are: cycle; A,C,G,T base counts as a percentage of all A/C/G/T bases [%]; and N and O counts as a percentage of all A/C/G/T bases [%]
GCC	1	25.46	24.65	24.42	25.46	0.00	0.00
GCC	2	25.97	24.15	24.12	25.76	0.00	0.00
GCC	3	26.36	23.66	23.55	26.43	0.01	0.00
GCC	4	28.01	22.36	22.16	27.47	0.00	0.00
GCC	5	26.09	24.09	23.81	26.01	0.00	0.00
GCC	6	27.63	22.69	22.27	27.41	0.00	0.00
GCC	7	29.23	21.04	20.53	29.20	0.00	0.00
GCC	8	29.38	20.67	20.62	29.33	0.00	0.00
GCC	9	27.01	23.10	22.84	27.05	0.00	0.00
GCC	10	27.04	23.29	23.10	26.58	0.00	0.00
GCC	11	25.83	24.29	24.04	25.83	0.00	0.00
GCC	12	26.25	24.05	23.83	25.86	0.00	0.00
GCC	13	26.36	23.88	23.68	26.09	0.00	0.00
GCC	14	27.52	22.70	22.40	27.38	0.00	0.00
GCC	15	27.34	22.92	22.51	27.22	0.00	0.00
GCC	16	27.86	22.47	22.13	27.54	0.00	0.00
GCC	17	26.95	23.39	22.68	26.98	0.00	0.00
GCC	18	27.45	22.92	22.43	27.20	0.00	0.00
GCC	19	27.05	23.21	22.81	26.92	0.00	0.00
GCC	20	27.48	22.61	22.70	27.21	0.00	0.00
GCC	21	26.59	23.52	23.38	26.51	0.00	0.00
GCC	22	27.11	23.21	22.95	26.73	0.00	0.00
GCC	23	26.72	23.64	23.03	26.61	0.00	0.00
GCC	24	27.50	22.85	22.46	27.19	0.00	0.00
GCC	25	27.08	23.19	22.77	26.97	0.00	0.00
GCC	26	27.66	22.54	22.28	27.53	0.00	0.00
GCC	27	26.99	23.15	22.78	27.08	0.00	0.00
GCC	28	27.67	22.71	22.28	27.34	0.00	0.00
GCC	29	26.85	23.46	22.77	26.92	0.00	0.00
GCC	30	27.28	22.99	22.64	27.09	0.00	0.00
GCC	31	26.93	23.32	23.09	26.66	0.00	0.00
GCC	32	27.45	22.64	22.71	27.20	0.00	0.00
GCC	33	26.75	23.39	23.17	26.68	0.00	0.00
GCC	34	27.34	23.01	22.70	26.95	0.00	0.00
GCC	35	26.81	23.55	22.88	26.76	0.00	0.00
GCC	36	27.43	22.87	22.46	27.25	0.00	0.00
GCC	37	27.05	23.27	22.79	26.89	0.00	0.00
GCC	38	27.51	22.66	22.50	27.33	0.00	0.00
GCC	39	27.11	23.18	22.71	26.99	0.00	0.00
GCC	40	27.50	22.88	22.52	27.10	0.00	0.00
GCC	41	26.63	23.63	23.10	26.64	0.00	0.00
GCC	42	27.05	23.17	22.95	26.84	0.00	0.00
GCC	43	26.87	23.36	23.06	26.71	0.00	0.00
GCC	44	27.49	22.66	22.52	27.32	0.00	0.00
GCC	45	26.83	23.40	23.06	26.71	0.00	0.00
GCC	46	27.44	22.95	22.65	26.96	0.00	0.00
GCC	47	26.90	23.41	22.85	26.83	0.00	0.00
GCC	48	27.59	22.76	22.34	27.31	0.00	0.00
GCC	49	27.21	23.11	22.68	27.01	0.00	0.00
GCC	50	27.62	22.51	22.38	27.50	0.00	0.00
GCC	51	27.09	23.17	22.74	27.00	0.00	0.00
GCC	52	27.57	22.78	22.49	27.16	0.00	0.00
GCC	53	26.84	23.43	22.96	26.77	0.00	0.00
GCC	54	27.35	22.88	22.71	27.06	0.00	0.00
GCC	55	27.05	23.20	22.90	26.85	0.00	0.00
GCC	56	27.68	22.47	22.39	27.45	0.00	0.00
GCC	57	27.12	23.09	22.83	26.96	0.00	0.00
GCC	58	27.69	22.73	22.39	27.19	0.00	0.00
GCC	59	27.23	23.12	22.51	27.14	0.00	0.00
GCC	60	27.72	22.56	22.24	27.48	0.00	0.00
GCC	61	27.33	22.94	22.56	27.17	0.00	0.00
GCC	62	27.62	22.49	22.40	27.49	0.00	0.00
GCC	63	27.23	22.93	22.68	27.16	0.00	0.00
GCC	64	27.75	22.57	22.37	27.31	0.00	0.00
GCC	65	27.14	23.17	22.72	26.98	0.00	0.00
GCC	66	27.55	22.72	22.50	27.24	0.00	0.00
GCC	67	27.38	22.88	22.56	27.18	0.00	0.00
GCC	68	27.90	22.22	22.18	27.71	0.00	0.00
GCC	69	27.38	22.82	22.49	27.31	0.00	0.00
GCC	70	27.77	22.50	22.25	27.49	0.00	0.00
GCC	71	27.30	22.95	22.48	27.27	0.00	0.00
GCC	72	27.85	22.38	22.14	27.63	0.00	0.00
GCC	73	27.43	22.83	22.48	27.26	0.00	0.00
GCC	74	27.80	22.31	22.25	27.65	0.00	0.00
GCC	75	27.34	22.80	22.62	27.24	0.00	0.00
GCC	76	27.77	22.47	22.34	27.41	0.00	0.00
GCC	77	27.24	22.99	22.59	27.18	0.00	0.00
GCC	78	27.70	22.50	22.32	27.48	0.00	0.00
GCC	79	27.57	22.67	22.39	27.38	0.00	0.00
GCC	80	27.99	22.15	22.10	27.75	0.00	0.00
GCC	81	27.53	22.67	22.40	27.40	0.00	0.00
GCC	82	27.88	22.39	22.21	27.52	0.00	0.00
GCC	83	27.50	22.76	22.33	27.41	0.00	0.00
GCC	84	27.91	22.31	22.11	27.67	0.00	0.00
GCC	85	27.59	22.60	22.40	27.42	0.00	0.00
GCC	86	27.83	22.23	22.32	27.62	0.00	0.00
GCC	87	27.49	22.63	22.51	27.37	0.00	0.00
GCC	88	27.90	22.34	22.22	27.54	0.00	0.00
GCC	89	27.52	22.72	22.38	27.39	0.00	0.00
GCC	90	27.86	22.32	22.22	27.59	0.00	0.00
GCC	91	27.67	22.51	22.35	27.48	0.00	0.00
GCC	92	28.04	22.06	22.07	27.83	0.00	0.00
GCC	93	27.64	22.51	22.30	27.55	0.00	0.00
GCC	94	27.97	22.26	22.07	27.69	0.00	0.00
GCC	95	27.60	22.59	22.25	27.55	0.00	0.00
GCC	96	27.96	22.18	22.10	27.77	0.00	0.00
GCC	97	27.68	22.42	22.36	27.54	0.00	0.00
GCC	98	27.92	22.09	22.21	27.78	0.00	0.00
GCC	99	27.64	22.43	22.32	27.61	0.00	0.00
GCC	100	28.00	22.20	22.07	27.73	0.00	0.00
GCC	101	27.68	22.50	22.25	27.57	0.00	0.00
GCC	102	27.95	22.19	22.12	27.74	0.00	0.00
GCC	103	27.84	22.30	22.14	27.71	0.00	0.00
GCC	104	28.12	21.96	21.93	27.99	0.00	0.00
GCC	105	27.76	22.33	22.15	27.75	0.00	0.00
GCC	106	27.97	22.17	22.03	27.83	0.00	0.00
GCC	107	27.72	22.39	22.16	27.73	0.01	0.00
GCC	108	28.04	22.03	22.00	27.93	0.00	0.00
GCC	109	27.85	22.23	22.18	27.74	0.00	0.00
GCC	110	28.02	22.01	22.06	27.91	0.00	0.00
GCC	111	27.81	22.28	22.16	27.75	0.00	0.00
GCC	112	28.09	22.08	21.94	27.89	0.00	0.00
GCC	113	27.82	22.30	22.08	27.80	0.00	0.00
GCC	114	28.05	22.03	21.97	27.95	0.00	0.00
GCC	115	27.98	22.13	22.01	27.88	0.00	0.00
GCC	116	28.20	21.86	21.83	28.11	0.00	0.00
GCC	117	27.92	22.16	22.01	27.92	0.00	0.00
GCC	118	28.09	22.03	21.93	27.95	0.00	0.00
GCC	119	27.92	22.17	22.04	27.87	0.00	0.00
GCC	120	28.18	21.89	21.92	28.01	0.00	0.00
GCC	121	27.99	22.07	22.06	27.88	0.00	0.00
GCC	122	28.09	21.92	21.98	28.01	0.00	0.00
GCC	123	27.94	22.12	22.03	27.90	0.00	0.00
GCC	124	28.21	21.94	21.84	28.00	0.00	0.00
GCC	125	28.02	22.09	21.95	27.94	0.00	0.00
GCC	126	28.19	21.87	21.86	28.08	0.00	0.00
GCC	127	28.11	21.94	21.91	28.04	0.00	0.00
GCC	128	28.27	21.76	21.76	28.22	0.00	0.00
GCC	129	28.06	21.99	21.88	28.07	0.00	0.00
GCC	130	28.15	21.92	21.89	28.05	0.00	0.00
GCC	131	28.03	22.00	21.96	28.01	0.00	0.00
GCC	132	28.22	21.79	21.86	28.13	0.00	0.00
GCC	133	28.16	21.88	21.90	28.06	0.00	0.00
GCC	134	28.18	21.82	21.88	28.12	0.00	0.00
GCC	135	27.72	22.29	22.25	27.74	0.00	0.00
# ACGT content per cycle for first fragments. Use `grep ^FBC | cut -f 2-` to extract this part. The columns are: cycle; A,C,G,T base counts as a percentage of all A/C/G/T bases [%]; and N and O counts as a percentage of all A/C/G/T bases [%]
FBC	1	24.38	25.76	25.44	24.41	0.00	0.00
FBC	2	24.05	26.10	25.96	23.89	0.00	0.00
FBC	3	25.54	24.58	24.38	25.51	0.02	0.00
FBC	4	27.51	22.71	22.62	27.16	0.00	0.00
FBC	5	25.44	24.78	24.70	25.07	0.00	0.00
FBC	6	27.65	22.71	22.34	27.30	0.00	0.00
FBC	7	31.61	18.71	18.15	31.53	0.00	0.00
FBC	8	30.72	19.55	19.03	30.70	0.00	0.00
FBC	9	27.28	23.07	22.28	27.37	0.00	0.00
FBC	10	26.54	23.85	23.38	26.22	0.00	0.00
FBC	11	25.29	24.91	24.75	25.05	0.00	0.00
FBC	12	25.11	25.13	25.10	24.65	0.00	0.00
FBC	13	25.88	24.48	24.27	25.38	0.00	0.00
FBC	14	26.97	23.46	22.88	26.70	0.00	0.00
FBC	15	27.30	23.09	22.38	27.23	0.00	0.00
FBC	16	27.72	22.72	22.00	27.55	0.00	0.00
FBC	17	27.35	23.07	22.41	27.17	0.00	0.00
FBC	18	27.41	23.02	22.45	27.12	0.00	0.00
FBC	19	27.21	23.17	22.69	26.93	0.00	0.00
FBC	20	27.11	23.15	22.77	26.97	0.00	0.00
FBC	21	26.73	23.66	22.99	26.62	0.00	0.00
FBC	22	26.90	23.57	22.92	26.61	0.00	0.00
FBC	23	26.86	23.49	23.02	26.63	0.00	0.00
FBC	24	27.33	23.00	22.70	26.97	0.00	0.00
FBC	25	27.39	22.99	22.56	27.06	0.00	0.00
FBC	26	27.35	23.11	22.48	27.06	0.00	0.00
FBC	27	26.87	23.47	22.75	26.92	0.00	0.00
FBC	28	27.29	23.07	22.49	27.15	0.00	0.00
FBC	29	27.28	23.13	22.48	27.11	0.00	0.00
FBC	30	27.48	22.91	22.46	27.15	0.00	0.00
FBC	31	27.27	23.11	22.73	26.89	0.00	0.00
FBC	32	27.29	22.98	22.70	27.03	0.00	0.00
FBC	33	26.99	23.34	22.75	26.92	0.00	0.00
FBC	34	27.08	23.34	22.84	26.74	0.00	0.00
FBC	35	26.98	23.45	22.89	26.69	0.00	0.00
FBC	36	27.48	22.87	22.53	27.12	0.00	0.00
FBC	37	27.35	23.08	22.57	27.00	0.00	0.00
FBC	38	27.23	23.20	22.63	26.94	0.00	0.00
FBC	39	27.04	23.35	22.61	26.99	0.01	0.00
FBC	40	27.38	23.04	22.42	27.16	0.00	0.00
FBC	41	27.16	23.19	22.70	26.95	0.00	0.00
FBC	42	27.31	22.98	22.73	26.98	0.00	0.00
FBC	43	27.15	23.17	22.80	26.89	0.00	0.00
FBC	44	27.37	23.00	22.60	27.04	0.00	0.00
FBC	45	26.94	23.38	22.85	26.82	0.00	0.00
FBC	46	27.14	23.29	22.79	26.78	0.00	0.00
FBC	47	27.12	23.26	22.82	26.80	0.00	0.00
FBC	48	27.61	22.80	22.43	27.16	0.00	0.00
FBC	49	27.54	22.90	22.47	27.09	0.00	0.00
FBC	50	27.41	22.91	22.48	27.21	0.00	0.00
FBC	51	27.17	23.20	22.57	27.07	0.00	0.00
FBC	52	27.41	23.02	22.45	27.12	0.01	0.00
FBC	53	27.23	23.10	22.75	26.91	0.01	0.00
FBC	54	27.38	22.89	22.79	26.94	0.00	0.00
FBC	55	27.29	23.07	22.78	26.86	0.00	0.00
FBC	56	27.50	22.84	22.56	27.10	0.00	0.00
FBC	57	27.11	23.18	22.75	26.96	0.00	0.00
FBC	58	27.37	23.06	22.61	26.96	0.00	0.00
FBC	59	27.39	23.05	22.61	26.95	0.00	0.00
FBC	60	27.71	22.60	22.42	27.27	0.00	0.00
FBC	61	27.57	22.77	22.49	27.17	0.00	0.00
FBC	62	27.44	22.84	22.53	27.19	0.00	0.00
FBC	63	27.18	23.09	22.64	27.09	0.00	0.00
FBC	64	27.59	22.82	22.39	27.20	0.00	0.00
FBC	65	27.47	22.93	22.56	27.04	0.00	0.00
FBC	66	27.59	22.75	22.59	27.08	0.00	0.00
FBC	67	27.46	22.82	22.68	27.04	0.00	0.00
FBC	68	27.58	22.65	22.47	27.29	0.00	0.00
FBC	69	27.27	23.03	22.55	27.15	0.00	0.00
FBC	70	27.41	22.91	22.54	27.14	0.00	0.00
FBC	71	27.36	22.90	22.61	27.13	0.00	0.00
FBC	72	27.83	22.42	22.32	27.43	0.00	0.00
FBC	73	27.69	22.62	22.39	27.30	0.00	0.00
FBC	74	27.63	22.64	22.40	27.33	0.00	0.00
FBC	75	27.29	22.96	22.55	27.20	0.00	0.00
FBC	76	27.55	22.73	22.41	27.31	0.00	0.00
FBC	77	27.42	22.84	22.57	27.18	0.00	0.00
FBC	78	27.59	22.61	22.56	27.24	0.00	0.00
FBC	79	27.52	22.72	22.58	27.18	0.00	0.00
FBC	80	27.67	22.57	22.39	27.37	0.00	0.00
FBC	81	27.40	22.89	22.47	27.24	0.00	0.00
FBC	82	27.54	22.77	22.46	27.23	0.01	0.00
FBC	83	27.49	22.78	22.46	27.27	0.00	0.00
FBC	84	27.87	22.35	22.24	27.53	0.00	0.00
FBC	85	27.71	22.54	22.37	27.38	0.00	0.00
FBC	86	27.63	22.60	22.46	27.31	0.00	0.00
FBC	87	27.33	22.90	22.57	27.20	0.00	0.00
FBC	88	27.64	22.63	22.38	27.34	0.00	0.00
FBC	89	27.54	22.75	22.51	27.21	0.00	0.00
FBC	90	27.70	22.50	22.50	27.29	0.01	0.00
FBC	91	27.60	22.63	22.53	27.24	0.00	0.00
FBC	92	27.75	22.48	22.33	27.43	0.00	0.00
FBC	93	27.48	22.77	22.40	27.35	0.00	0.00
FBC	94	27.64	22.66	22.33	27.37	0.00	0.00
FBC	95	27.58	22.68	22.37	27.37	0.00	0.00
FBC	96	27.89	22.31	22.24	27.56	0.00	0.00
FBC	97	27.74	22.47	22.38	27.40	0.00	0.00
FBC	98	27.70	22.49	22.40	27.41	0.00	0.00
FBC	99	27.42	22.76	22.46	27.36	0.00	0.00
FBC	100	27.69	22.57	22.30	27.44	0.00	0.00
FBC	101	27.59	22.67	22.44	27.30	0.00	0.00
FBC	102	27.78	22.44	22.40	27.38	0.00	0.00
FBC	103	27.72	22.55	22.38	27.35	0.00	0.00
FBC	104	27.86	22.39	22.18	27.57	0.00	0.00
FBC	105	27.54	22.67	22.29	27.49	0.00	0.00
FBC	106	27.66	22.57	22.26	27.51	0.00	0.00
FBC	107	27.61	22.60	22.32	27.47	0.00	0.00
FBC	108	27.95	22.21	22.14	27.70	0.00	0.00
FBC	109	27.82	22.38	22.27	27.54	0.00	0.00
FBC	110	27.79	22.43	22.29	27.49	0.00	0.00
FBC	111	27.54	22.68	22.37	27.42	0.00	0.00
FBC	112	27.76	22.51	22.22	27.51	0.00	0.00
FBC	113	27.68	22.58	22.31	27.44	0.00	0.00
FBC	114	27.87	22.34	22.26	27.53	0.00	0.00
FBC	115	27.83	22.42	22.24	27.51	0.00	0.00
FBC	116	27.96	22.26	22.05	27.72	0.00	0.00
FBC	117	27.70	22.49	22.13	27.68	0.00	0.00
FBC	118	27.83	22.41	22.11	27.65	0.00	0.00
FBC	119	27.80	22.42	22.17	27.60	0.00	0.00
FBC	120	28.08	22.12	22.06	27.74	0.00	0.00
FBC	121	27.89	22.31	22.21	27.58	0.00	0.00
FBC	122	27.83	22.35	22.27	27.56	0.00	0.00
FBC	123	27.61	22.58	22.29	27.52	0.00	0.00
FBC	124	27.90	22.38	22.08	27.64	0.00	0.00
FBC	125	27.84	22.41	22.15	27.61	0.00	0.00
FBC	126	27.99	22.19	22.10	27.72	0.00	0.00
FBC	127	27.93	22.24	22.10	27.73	0.00	0.00
FBC	128	28.09	22.08	21.91	27.92	0.00	0.00
FBC	129	27.85	22.33	21.99	27.83	0.00	0.00
FBC	130	27.92	22.29	22.04	27.75	0.00	0.00
FBC	131	27.86	22.29	22.14	27.71	0.00	0.00
FBC	132	28.09	22.03	22.02	27.86	0.01	0.00
FBC	133	28.01	22.16	22.08	27.76	0.00	0.00
FBC	134	27.93	22.23	22.13	27.70	0.00	0.00
FBC	135	27.51	22.65	22.39	27.45	0.00	0.00
# ACGT content per cycle for last fragments. Use `grep ^LBC | cut -f 2-` to extract this part. The columns are: cycle; A,C,G,T base counts as a percentage of all A/C/G/T bases [%]; and N and O counts as a percentage of all A/C/G/T bases [%]
LBC	1	26.54	23.55	23.40	26.51	0.00	0.00
LBC	2	27.89	22.20	22.27	27.64	0.00	0.00
LBC	3	27.19	22.73	22.73	27.35	0.00	0.00
LBC	4	28.52	22.01	21.70	27.78	0.00	0.00
LBC	5	26.73	23.39	22.92	26.95	0.00	0.00
LBC	6	27.60	22.67	22.21	27.52	0.00	0.00
LBC	7	26.84	23.38	22.92	26.86	0.00	0.00
LBC	8	28.03	21.79	22.22	27.96	0.00	0.00
LBC	9	26.74	23.13	23.39	26.74	0.00	0.00
LBC	10	27.53	22.73	22.82	26.93	0.00	0.00
LBC	11	26.37	23.67	23.33	26.62	0.00	0.00
LBC	12	27.39	22.98	22.56	27.07	0.00	0.00
LBC	13	26.85	23.28	23.09	26.79	0.00	0.00
LBC	14	28.08	21.94	21.92	28.06	0.00	0.00
LBC	15	27.38	22.75	22.65	27.22	0.00	0.00
LBC	16	28.00	22.21	22.26	27.53	0.00	0.00
LBC	17	26.55	23.71	22.95	26.79	0.00	0.00
LBC	18	27.48	22.83	22.42	27.27	0.00	0.00
LBC	19	26.89	23.26	22.93	26.92	0.00	0.00
LBC	20	27.85	22.06	22.63	27.46	0.00	0.00
LBC	21	26.44	23.38	23.77	26.41	0.00	0.00
LBC	22	27.31	22.86	22.99	26.84	0.00	0.00
LBC	23	26.57	23.79	23.04	26.60	0.00	0.00
LBC	24	27.66	22.70	22.22	27.42	0.00	0.00
LBC	25	26.77	23.38	22.97	26.88	0.00	0.00
LBC	26	27.96	21.98	22.07	27.99	0.00	0.00
LBC	27	27.11	22.83	22.81	27.25	0.00	0.00
LBC	28	28.04	22.35	22.07	27.54	0.00	0.00
LBC	29	26.41	23.79	23.07	26.74	0.00	0.00
LBC	30	27.09	23.06	22.82	27.04	0.00	0.00
LBC	31	26.60	23.54	23.44	26.42	0.00	0.00
LBC	32	27.61	22.30	22.72	27.37	0.00	0.00
LBC	33	26.51	23.44	23.59	26.45	0.00	0.00
LBC	34	27.61	22.67	22.55	27.17	0.00	0.00
LBC	35	26.65	23.66	22.87	26.83	0.00	0.00
LBC	36	27.37	22.86	22.39	27.38	0.00	0.00
LBC	37	26.75	23.47	23.00	26.79	0.00	0.00
LBC	38	27.79	22.12	22.36	27.73	0.00	0.00
LBC	39	27.18	23.01	22.82	26.99	0.00	0.00
LBC	40	27.63	22.71	22.62	27.04	0.00	0.00
LBC	41	26.09	24.07	23.50	26.34	0.00	0.00
LBC	42	26.79	23.36	23.17	26.69	0.00	0.00
LBC	43	26.60	23.57	23.32	26.52	0.00	0.00
LBC	44	27.62	22.32	22.45	27.61	0.00	0.00
LBC	45	26.71	23.43	23.27	26.60	0.00	0.00
LBC	46	27.74	22.61	22.52	27.14	0.00	0.00
LBC	47	26.68	23.56	22.89	26.86	0.00	0.00
LBC	48	27.57	22.73	22.25	27.45	0.00	0.00
LBC	49	26.86	23.32	22.88	26.93	0.00	0.00
LBC	50	27.84	22.09	22.27	27.80	0.00	0.00
LBC	51	27.00	23.13	22.93	26.94	0.00	0.00
LBC	52	27.73	22.53	22.53	27.20	0.00	0.00
LBC	53	26.42	23.77	23.18	26.63	0.00	0.00
LBC	54	27.32	22.87	22.63	27.18	0.01	0.00
LBC	55	26.81	23.34	23.02	26.83	0.01	0.00
LBC	56	27.87	22.09	22.22	27.83	0.00	0.00
LBC	57	27.13	23.00	22.92	26.96	0.00	0.00
LBC	58	28.03	22.38	22.16	27.43	0.00	0.00
LBC	59	27.07	23.20	22.41	27.33	0.00	0.00
LBC	60	27.73	22.52	22.05	27.70	0.00	0.00
LBC	61	27.06	23.13	22.63	27.18	0.00	0.00
LBC	62	27.81	22.11	22.27	27.81	0.00	0.00
LBC	63	27.28	22.77	22.71	27.24	0.00	0.00
LBC	64	27.92	22.31	22.34	27.43	0.00	0.00
LBC	65	26.78	23.43	22.89	26.91	0.00	0.00
LBC	66	27.51	22.68	22.40	27.41	0.00	0.00
LBC	67	27.30	22.94	22.44	27.33	0.00	0.00
LBC	68	28.25	21.74	21.86	28.16	0.00	0.00
LBC	69	27.50	22.60	22.42	27.48	0.00	0.00
LBC	70	28.16	22.04	21.93	27.87	0.00	0.00
LBC	71	27.23	23.01	22.33	27.44	0.00	0.00
LBC	72	27.87	22.34	21.94	27.85	0.00	0.00
LBC	73	27.14	23.07	22.58	27.21	0.00	0.00
LBC	74	27.99	21.94	22.08	28.00	0.00	0.00
LBC	75	27.40	22.63	22.69	27.28	0.00	0.00
LBC	76	28.02	22.19	22.27	27.52	0.00	0.00
LBC	77	27.05	23.15	22.62	27.19	0.00	0.00
LBC	78	27.83	22.38	22.05	27.74	0.01	0.00
LBC	79	27.62	22.60	22.18	27.60	0.00	0.00
LBC	80	28.36	21.68	21.78	28.18	0.00	0.00
LBC	81	27.67	22.42	22.33	27.58	0.00	0.00
LBC	82	28.27	21.97	21.92	27.84	0.00	0.00
LBC	83	27.51	22.73	22.18	27.57	0.00	0.00
LBC	84	27.96	22.26	21.96	27.82	0.00	0.00
LBC	85	27.44	22.66	22.43	27.46	0.00	0.00
LBC	86	28.05	21.81	22.16	27.98	0.00	0.00
LBC	87	27.67	22.31	22.44	27.57	0.00	0.00
LBC	88	28.20	22.01	22.04	27.75	0.00	0.00
LBC	89	27.50	22.69	22.23	27.59	0.00	0.00
LBC	90	28.05	22.11	21.90	27.94	0.00	0.00
LBC	91	27.75	22.37	22.13	27.75	0.00	0.00
LBC	92	28.37	21.58	21.76	28.29	0.00	0.00
LBC	93	27.83	22.21	22.18	27.78	0.00	0.00
LBC	94	28.36	21.80	21.77	28.07	0.00	0.00
LBC	95	27.62	22.49	22.12	27.77	0.00	0.00
LBC	96	28.03	22.03	21.93	28.01	0.00	0.00
LBC	97	27.60	22.36	22.33	27.70	0.00	0.00
LBC	98	28.18	21.62	21.99	28.21	0.00	0.00
LBC	99	27.91	22.03	22.16	27.90	0.00	0.00
LBC	100	28.37	21.76	21.81	28.07	0.00	0.00
LBC	101	27.78	22.31	22.03	27.89	0.00	0.00
LBC	102	28.15	21.90	21.78	28.18	0.00	0.00
LBC	103	27.99	22.00	21.86	28.14	0.00	0.00
LBC	104	28.43	21.44	21.64	28.49	0.00	0.00
LBC	105	28.02	21.92	21.99	28.07	0.00	0.00
LBC	106	28.35	21.68	21.76	28.21	0.00	0.00
LBC	107	27.84	22.14	21.98	28.04	0.01	0.00
LBC	108	28.15	21.80	21.85	28.20	0.00	0.00
LBC	109	27.89	22.05	22.07	27.99	0.00	0.00
LBC	110	28.31	21.50	21.78	28.41	0.00	0.00
LBC	111	28.14	21.79	21.91	28.16	0.00	0.00
LBC	112	28.49	21.55	21.61	28.36	0.00	0.00
LBC	113	28.01	21.95	21.80	28.25	0.00	0.00
LBC	114	28.28	21.65	21.61	28.47	0.00	0.00
LBC	115	28.17	21.76	21.74	28.33	0.00	0.00
LBC	116	28.50	21.36	21.55	28.59	0.00	0.00
LBC	117	28.19	21.74	21.85	28.22	0.00	0.00
LBC	118	28.42	21.56	21.71	28.32	0.00	0.00
LBC	119	28.08	21.84	21.86	28.22	0.00	0.00
LBC	120	28.30	21.61	21.75	28.35	0.00	0.00
LBC	121	28.11	21.77	21.87	28.25	0.00	0.00
LBC	122	28.43	21.38	21.61	28.58	0.00	0.00
LBC	123	28.35	21.55	21.72	28.39	0.00	0.00
LBC	124	28.61	21.40	21.53	28.46	0.00	0.00
LBC	125	28.25	21.68	21.71	28.37	0.00	0.00
LBC	126	28.44	21.45	21.57	28.55	0.00	0.00
LBC	127	28.34	21.55	21.66	28.45	0.00	0.00
LBC	128	28.49	21.36	21.56	28.59	0.00	0.00
LBC	129	28.32	21.55	21.75	28.38	0.00	0.00
LBC	130	28.44	21.44	21.69	28.43	0.00	0.00
LBC	131	28.26	21.62	21.73	28.40	0.00	0.00
LBC	132	28.39	21.50	21.65	28.47	0.00	0.00
LBC	133	28.35	21.52	21.68	28.45	0.00	0.00
LBC	134	28.51	21.28	21.54	28.67	0.00	0.00
LBC	135	28.02	21.79	22.05	28.14	0.00	0.00
# Insert sizes. Use `grep ^IS | cut -f 2-` to extract this part. The columns are: insert size, pairs total, inward oriented pairs, outward oriented pairs, other pairs
IS	0	11501	0	2013	9488
IS	1	0	0	0	0
IS	2	14232	0	10283	3949
IS	3	14045	0	10656	3389
IS	4	13905	0	10575	3330
IS	5	14083	0	10559	3524
IS	6	14504	0	10751	3753
IS	7	15388	0	11446	3942
IS	8	15380	0	11417	3963
IS	9	15656	0	11792	3864
IS	10	16206	0	12372	3834
IS	11	17154	0	13344	3810
IS	12	18765	0	14870	3895
IS	13	19502	0	15519	3983
IS	14	20438	0	15539	4899
IS	15	23447	0	14904	8543
IS	16	28681	0	14799	13882
IS	17	41482	0	16737	24745
IS	18	29160	0	20351	8809
IS	19	208824	82920	120694	5210
IS	20	188609	76793	106790	5026
IS	21	120109	48810	64474	6825
IS	22	129932	42501	78150	9281
IS	23	90121	25884	55364	8873
IS	24	63826	20165	37823	5838
IS	25	51637	16080	30886	4671
IS	26	47933	13978	29486	4469
IS	27	47165	13439	29318	4408
IS	28	52834	15538	32910	4386
IS	29	52015	14487	32954	4574
IS	30	54545	15689	34217	4639
IS	31	58192	16789	36722	4681
IS	32	57236	16280	35964	4992
IS	33	56116	16086	35065	4965
IS	34	56759	16419	35227	5113
IS	35	57144	16434	35773	4937
IS	36	59394	17931	36385	5078
IS	37	60454	17772	37803	4879
IS	38	62603	19154	38457	4992
IS	39	62047	18883	38164	5000
IS	40	58855	17787	35961	5107
IS	41	60621	18357	37258	5006
IS	42	60972	18715	37056	5201
IS	43	61863	19593	37051	5219
IS	44	63313	20842	37327	5144
IS	45	63457	21685	36692	5080
IS	46	61605	20980	35443	5182
IS	47	64915	23774	36041	5100
IS	48	61132	21338	34573	5221
IS	49	58359	19875	33238	5246
IS	50	57542	19791	32445	5306
IS	51	57004	19045	32534	5425
IS	52	56062	19787	30964	5311
IS	53	58035	20330	32213	5492
IS	54	56272	19561	31079	5632
IS	55	55146	19054	30495	5597
IS	56	56181	19467	31036	5678
IS	57	56912	21221	30108	5583
IS	58	55956	20235	29893	5828
IS	59	56606	21141	29603	5862
IS	60	54064	19854	28380	5830
IS	61	53200	19469	27723	6008
IS	62	57113	22117	29294	5702
IS	63	56567	21870	28640	6057
IS	64	53481	19743	27756	5982
IS	65	54408	20234	28196	5978
IS	66	53532	20198	27309	6025
IS	67	55718	21317	28371	6030
IS	68	54587	21245	27198	6144
IS	69	52709	20450	26056	6203
IS	70	55456	22585	26703	6168
IS	71	54707	21840	26685	6182
IS	72	53812	21694	25853	6265
IS	73	54113	21655	25982	6476
IS	74	53669	21226	26056	6387
IS	75	54097	21719	25823	6555
IS	76	53150	21497	25206	6447
IS	77	53536	22265	24686	6585
IS	78	53858	22187	25178	6493
IS	79	53544	22438	24566	6540
IS	80	52716	22206	23884	6626
IS	81	52272	22124	23514	6634
IS	82	53274	22994	23585	6695
IS	83	53985	23177	24152	6656
IS	84	51984	22589	22568	6827
IS	85	51919	22442	22703	6774
IS	86	51414	22123	22462	6829
IS	87	51650	22379	22325	6946
IS	88	51772	22798	22078	6896
IS	89	50111	22361	20742	7008
IS	90	52689	23536	22042	7111
IS	91	57237	26172	24089	6976
IS	92	70757	33609	29981	7167
IS	93	70526	34482	28935	7109
IS	94	74302	36858	30333	7111
IS	95	75966	37419	31315	7232
IS	96	75226	37366	30438	7422
IS	97	79126	39102	32750	7274
IS	98	80574	40003	33306	7265
IS	99	73672	36536	29752	7384
IS	100	70899	35558	27923	7418
IS	101	73855	37233	29315	7307
IS	102	75421	38039	29890	7492
IS	103	79114	39437	32167	7510
IS	104	77603	38660	31469	7474
IS	105	70960	35940	27621	7399
IS	106	72222	37353	27204	7665
IS	107	74034	37497	28755	7782
IS	108	75197	38031	29502	7664
IS	109	76644	38069	30910	7665
IS	110	78364	38941	31754	7669
IS	111	72763	36633	28238	7892
IS	112	72140	37045	27345	7750
IS	113	73569	37793	28078	7698
IS	114	76199	38851	29543	7805
IS	115	79499	39471	32142	7886
IS	116	79960	40308	31737	7915
IS	117	74534	39121	27527	7886
IS	118	73033	38848	26301	7884
IS	119	74157	38991	27245	7921
IS	120	74770	39199	27605	7966
IS	121	78489	40932	29526	8031
IS	122	77825	42119	27553	8153
IS	123	70985	39599	23368	8018
IS	124	70171	39987	22049	8135
IS	125	69230	40197	20886	8147
IS	126	71246	41817	21318	8111
IS	127	72351	43921	20277	8153
IS	128	72551	45852	18549	8150
IS	129	67270	43929	15111	8230
IS	130	67332	46068	13045	8219
IS	131	67506	47618	11694	8194
IS	132	67842	48115	11519	8208
IS	133	68679	47005	13305	8369
IS	134	69195	45334	15467	8394
IS	135	65661	50564	6750	8347
IS	136	65119	53949	2919	8251
IS	137	65265	54394	2552	8319
IS	138	65861	55120	2438	8303
IS	139	65800	55195	2293	8312
IS	140	64884	54149	2220	8515
IS	141	61420	50960	2009	8451
IS	142	61561	51085	1979	8497
IS	143	62085	51558	1931	8596
IS	144	62207	51898	1831	8478
IS	145	63118	52848	1828	8442
IS	146	64790	54535	1703	8552
IS	147	63565	53403	1655	8507
IS	148	63727	53343	1681	8703
IS	149	65272	55095	1590	8587
IS	150	65455	55444	1571	8440
IS	151	65236	55266	1595	8375
IS	152	66436	56295	1562	8579
IS	153	65105	54913	1497	8695
IS	154	65399	55232	1547	8620
IS	155	65983	56001	1488	8494
IS	156	65746	55766	1454	8526
IS	157	66940	56864	1444	8632
IS	158	67342	57236	1455	8651
IS	159	68182	58023	1407	8752
IS	160	69493	59278	1465	8750
IS	161	69879	59862	1453	8564
IS	162	70449	60324	1405	8720
IS	163	71089	61082	1348	8659
IS	164	71981	61824	1355	8802
IS	165	72737	62625	1407	8705
IS	166	74220	64224	1363	8633
IS	167	75148	65129	1327	8692
IS	168	76019	65995	1352	8672
IS	169	77151	66943	1350	8858
IS	170	77539	67561	1319	8659
IS	171	78928	68893	1297	8738
IS	172	79879	69872	1370	8637
IS	173	81965	71917	1302	8746
IS	174	84131	74318	1302	8511
IS	175	84821	74917	1307	8597
IS	176	86763	76630	1324	8809
IS	177	87818	77941	1244	8633
IS	178	89108	79299	1278	8531
IS	179	90301	80252	1265	8784
IS	180	91671	81701	1258	8712
IS	181	92617	82639	1261	8717
IS	182	93595	83883	1212	8500
IS	183	94987	85012	1210	8765
IS	184	96501	86441	1235	8825
IS	185	96954	87182	1185	8587
IS	186	98293	88387	1180	8726
IS	187	99767	89933	1211	8623
IS	188	100744	91012	1147	8585
IS	189	101265	91458	1155	8652
IS	190	103136	93282	1245	8609
IS	191	104738	94938	1143	8657
IS	192	105323	95640	1168	8515
IS	193	106466	96793	1171	8502
IS	194	107960	98216	1143	8601
IS	195	108806	99080	1205	8521
IS	196	110438	100830	1179	8429
IS	197	112389	102780	1145	8464
IS	198	113014	103435	1120	8459
IS	199	114408	104814	1113	8481
IS	200	115595	106181	1125	8289
IS	201	117001	107552	1073	8376
IS	202	118543	109104	1085	8354
IS	203	120272	110811	1044	8417
IS	204	120722	111379	1030	8313
IS	205	122117	112745	1082	8290
IS	206	123371	113940	1118	8313
IS	207	124932	115540	1053	8339
IS	208	126296	116888	1045	8363
IS	209	127250	118057	1019	8174
IS	210	128229	119086	996	8147
IS	211	129970	120714	1038	8218
IS	212	130818	121547	1003	8268
IS	213	132370	123059	1029	8282
IS	214	132159	123048	1027	8084
IS	215	134498	125470	1017	8011
IS	216	136290	127180	1013	8097
IS	217	137144	128151	1081	7912
IS	218	137802	128541	1024	8237
IS	219	139903	131029	1015	7859
IS	220	140081	131204	955	7922
IS	221	141770	132920	955	7895
IS	222	142068	133316	976	7776
IS	223	143653	135107	988	7558
IS	224	143564	134778	980	7806
IS	225	145293	136626	916	7751
IS	226	145879	137354	908	7617
IS	227	147598	139027	987	7584
IS	228	147784	139243	915	7626
IS	229	148311	139877	985	7449
IS	230	149835	141325	926	7584
IS	231	150010	141662	879	7469
IS	232	151137	142751	876	7510
IS	233	151291	142979	884	7428
IS	234	151254	143043	868	7343
IS	235	152692	144577	879	7236
IS	236	152223	144123	845	7255
IS	237	153948	145794	906	7248
IS	238	154302	146130	833	7339
IS	239	154999	146942	881	7176
IS	240	154977	147117	839	7021
IS	241	155642	147721	801	7120
IS	242	156150	148210	848	7092
IS	243	156709	148877	820	7012
IS	244	156922	149171	857	6894
IS	245	156854	149175	784	6895
IS	246	157519	149822	773	6924
IS	247	157957	150197	860	6900
IS	248	157716	150029	870	6817
IS	249	158692	151056	766	6870
IS	250	157242	149801	767	6674
IS	251	158301	150878	794	6629
IS	252	158606	151167	836	6603
IS	253	157615	150333	749	6533
IS	254	158458	151160	786	6512
IS	255	158200	150931	731	6538
IS	256	158603	151373	827	6403
IS	257	157833	150672	755	6406
IS	258	157649	150461	758	6430
IS	259	157528	150508	727	6293
IS	260	157691	150715	757	6219
IS	261	157705	150701	702	6302
IS	262	156881	149964	745	6172
IS	263	157427	150535	781	6111
IS	264	156805	149812	727	6266
IS	265	156336	149525	738	6073
IS	266	156885	150245	689	5951
IS	267	155786	149051	686	6049
IS	268	156156	149498	713	5945
IS	269	154735	148184	678	5873
IS	270	154529	148143	709	5677
IS	271	154554	147876	647	6031
IS	272	153635	147226	712	5697
IS	273	153882	147515	624	5743
IS	274	152995	146649	643	5703
IS	275	152905	146616	631	5658
IS	276	152157	145958	651	5548
IS	277	151604	145403	704	5497
IS	278	150623	144566	657	5400
IS	279	149929	143857	673	5399
IS	280	150707	144572	678	5457
IS	281	148763	142846	631	5286
IS	282	148902	142911	606	5385
IS	283	148174	142396	609	5169
IS	284	147421	141568	619	5234
IS	285	146927	141118	626	5183
IS	286	146513	140711	596	5206
IS	287	145939	140256	601	5082
IS	288	144516	138804	618	5094
IS	289	144371	138688	601	5082
IS	290	143121	137466	599	5056
IS	291	143137	137694	603	4840
IS	292	141982	136555	573	4854
IS	293	141064	135682	603	4779
IS	294	140376	134951	596	4829
IS	295	140412	135032	634	4746
IS	296	139535	134284	558	4693
IS	297	138354	133038	548	4768
IS	298	137219	132107	580	4532
IS	299	136745	131516	570	4659
IS	300	136052	131029	559	4464
IS	301	135153	130120	562	4471
IS	302	134991	129925	571	4495
IS	303	133875	128827	521	4527
IS	304	133173	128253	539	4381
IS	305	132128	127324	535	4269
IS	306	131570	126692	557	4321
IS	307	130135	125322	474	4339
IS	308	129006	124300	541	4165
IS	309	129056	124313	570	4173
IS	310	127565	122882	538	4145
IS	311	127100	122422	533	4145
IS	312	126807	122234	512	4061
IS	313	125365	120747	523	4095
IS	314	124231	119709	548	3974
IS	315	123539	119063	510	3966
IS	316	122475	118110	486	3879
IS	317	121810	117381	500	3929
IS	318	120242	115980	529	3733
IS	319	119486	115152	522	3812
IS	320	119385	115061	491	3833
IS	321	118470	114176	476	3818
IS	322	116884	112613	482	3789
IS	323	116562	112365	488	3709
IS	324	115827	111639	488	3700
IS	325	115021	110964	481	3576
IS	326	113398	109274	476	3648
IS	327	113765	109696	472	3597
IS	328	112629	108605	478	3546
IS	329	111036	107151	457	3428
IS	330	110681	106802	469	3410
IS	331	108961	105102	442	3417
IS	332	108225	104310	445	3470
IS	333	108875	104979	437	3459
IS	334	107206	103386	455	3365
IS	335	106333	102599	421	3313
IS	336	105791	102061	452	3278
IS	337	104885	101245	391	3249
IS	338	103851	100286	443	3122
IS	339	103444	99825	437	3182
IS	340	102353	98730	453	3170
IS	341	101765	98212	427	3126
IS	342	101387	97873	421	3093
IS	343	100031	96576	431	3024
IS	344	99710	96141	416	3153
IS	345	98794	95314	458	3022
IS	346	97820	94426	402	2992
IS	347	96571	93147	421	3003
IS	348	96806	93470	405	2931
IS	349	94999	91655	442	2902
IS	350	94821	91474	416	2931
IS	351	93730	90455	416	2859
IS	352	93518	90278	411	2829
IS	353	92009	88773	397	2839
IS	354	91982	88744	421	2817
IS	355	90904	87708	421	2775
IS	356	90156	86931	403	2822
IS	357	88933	85795	407	2731
IS	358	88360	85256	389	2715
IS	359	88047	85033	382	2632
IS	360	87161	84210	354	2597
IS	361	87040	83948	419	2673
IS	362	86185	83226	371	2588
IS	363	84786	81848	392	2546
IS	364	84799	81947	370	2482
IS	365	83971	81009	405	2557
IS	366	82794	79944	346	2504
IS	367	82280	79401	356	2523
IS	368	81925	79125	370	2430
IS	369	81276	78423	347	2506
IS	370	80805	78092	336	2377
IS	371	79714	76952	387	2375
IS	372	78883	76152	334	2397
IS	373	78015	75459	332	2224
IS	374	77520	74831	373	2316
IS	375	77366	74737	374	2255
IS	376	75994	73412	331	2251
IS	377	76264	73623	334	2307
IS	378	75301	72761	335	2205
IS	379	74418	71901	347	2170
IS	380	74555	72077	340	2138
IS	381	73997	71469	347	2181
IS	382	72663	70138	336	2189
IS	383	72132	69629	330	2173
IS	384	71560	69120	321	2119
IS	385	71330	68881	331	2118
IS	386	70660	68251	304	2105
IS	387	69801	67431	345	2025
IS	388	69015	66666	319	2030
IS	389	68695	66290	335	2070
IS	390	68527	66259	289	1979
IS	391	68505	66189	326	1990
IS	392	67433	65110	319	2004
IS	393	66624	64384	311	1929
IS	394	65791	63548	317	1926
IS	395	65586	63350	314	1922
IS	396	65300	63180	277	1843
IS	397	64802	62580	290	1932
IS	398	63995	61827	308	1860
IS	399	63658	61528	316	1814
IS	400	63272	61144	329	1799
IS	401	62884	60803	289	1792
IS	402	61386	59274	328	1784
IS	403	61460	59341	308	1811
IS	404	61446	59368	280	1798
IS	405	61058	59040	315	1703
IS	406	60200	58225	309	1666
IS	407	59522	57494	312	1716
IS	408	59960	57956	310	1694
IS	409	58523	56578	278	1667
IS	410	58116	56143	327	1646
IS	411	58013	56160	295	1558
IS	412	57327	55411	275	1641
IS	413	57138	55281	270	1587
IS	414	56628	54754	291	1583
IS	415	56022	54184	267	1571
IS	416	55268	53453	260	1555
IS	417	55547	53703	282	1562
IS	418	55199	53362	290	1547
IS	419	54385	52604	283	1498
IS	420	54258	52490	249	1519
IS	421	53559	51855	276	1428
IS	422	53437	51682	280	1475
IS	423	52366	50641	247	1478
IS	424	52288	50558	243	1487
IS	425	52120	50420	251	1449
IS	426	51530	49850	243	1437
IS	427	51473	49772	246	1455
IS	428	51278	49586	235	1457
IS	429	50362	48750	231	1381
IS	430	50207	48592	272	1343
IS	431	49784	48190	268	1326
IS	432	49439	47769	257	1413
IS	433	48618	47008	262	1348
IS	434	47917	46336	266	1315
IS	435	47870	46323	252	1295
IS	436	47407	45844	246	1317
IS	437	47089	45580	220	1289
IS	438	46672	45131	247	1294
IS	439	46397	44933	226	1238
IS	440	45508	44002	225	1281
IS	441	45449	43947	226	1276
IS	442	44740	43256	235	1249
IS	443	45052	43589	220	1243
IS	444	44492	43050	222	1220
IS	445	43697	42241	232	1224
IS	446	43618	42120	236	1262
IS	447	43439	41996	227	1216
IS	448	42642	41265	226	1151
IS	449	42494	41132	200	1162
IS	450	42039	40676	229	1134
IS	451	42036	40636	242	1158
IS	452	41645	40282	234	1129
IS	453	40732	39444	210	1078
IS	454	40811	39516	221	1074
IS	455	40569	39380	197	992
IS	456	40474	39175	214	1085
IS	457	40263	38953	234	1076
IS	458	39541	38247	231	1063
IS	459	39302	38001	215	1086
IS	460	38889	37643	224	1022
IS	461	38847	37640	223	984
IS	462	38109	36919	208	982
IS	463	38403	37164	190	1049
IS	464	37756	36514	196	1046
IS	465	37739	36463	224	1052
IS	466	37448	36193	193	1062
IS	467	37195	35972	223	1000
IS	468	36866	35674	200	992
IS	469	36570	35427	206	937
IS	470	36328	35143	209	976
IS	471	36095	34924	205	966
IS	472	35956	34865	173	918
IS	473	35272	34137	170	965
IS	474	35295	34176	208	911
IS	475	34799	33645	195	959
IS	476	34532	33450	190	892
IS	477	34392	33263	208	921
IS	478	34440	33337	192	911
IS	479	34317	33240	199	878
IS	480	34113	33008	169	936
IS	481	33288	32261	199	828
IS	482	33623	32588	186	849
IS	483	32660	31606	210	844
IS	484	32955	31858	203	894
IS	485	32299	31189	190	920
IS	486	32367	31386	172	809
IS	487	31656	30665	174	817
IS	488	31824	30787	181	856
IS	489	31445	30442	168	835
IS	490	31434	30416	184	834
IS	491	31556	30534	209	813
IS	492	31051	30077	189	785
IS	493	30903	29898	178	827
IS	494	30479	29467	188	824
IS	495	30103	29167	150	786
IS	496	29882	28913	188	781
IS	497	29686	28721	186	779
IS	498	29191	28285	180	726
IS	499	29020	28124	170	726
IS	500	29177	28296	173	708
IS	501	28680	27804	171	705
IS	502	28814	27881	193	740
IS	503	28177	27309	183	685
IS	504	27858	27019	162	677
IS	505	28161	27294	178	689
IS	506	27597	26698	194	705
IS	507	27595	26727	168	700
IS	508	27189	26318	194	677
IS	509	27099	26297	161	641
IS	510	26737	25894	154	689
IS	511	26750	25860	193	697
IS	512	26058	25212	190	656
IS	513	26257	25418	159	680
IS	514	25884	25075	184	625
IS	515	25842	25040	168	634
IS	516	25495	24680	163	652
IS	517	25244	24445	181	618
IS	518	25267	24468	159	640
IS	519	24953	24176	180	597
IS	520	24639	23840	176	623
IS	521	24457	23680	171	606
IS	522	24525	23756	156	613
IS	523	24089	23335	157	597
IS	524	23802	23044	145	613
IS	525	23817	23039	181	597
IS	526	23568	22817	156	595
IS	527	23336	22600	169	567
IS	528	23000	22279	149	572
IS	529	23374	22641	138	595
IS	530	22934	22235	172	527
IS	531	22939	22161	167	611
IS	532	22238	21503	151	584
IS	533	22181	21505	154	522
IS	534	22054	21320	144	590
IS	535	22109	21423	144	542
IS	536	21479	20808	146	525
IS	537	21589	20925	146	518
IS	538	21483	20844	151	488
IS	539	21119	20368	146	605
IS	540	21248	20620	130	498
IS	541	20881	20201	148	532
IS	542	21021	20291	184	546
IS	543	20755	20041	163	551
IS	544	20017	19306	149	562
IS	545	20514	19864	149	501
IS	546	20109	19456	149	504
IS	547	19859	19228	145	486
IS	548	19734	19108	135	491
IS	549	19738	19117	139	482
IS	550	19585	18943	147	495
IS	551	19250	18642	160	448
IS	552	19270	18667	131	472
IS	553	19091	18499	139	453
IS	554	18838	18231	140	467
IS	555	18688	18061	176	451
IS	556	18465	17909	132	424
IS	557	18396	17779	154	463
IS	558	18405	17841	140	424
IS	559	18190	17630	150	410
IS	560	18055	17484	142	429
IS	561	17883	17295	153	435
IS	562	17570	17003	140	427
IS	563	17531	16957	134	440
IS	564	17370	16778	156	436
IS	565	17302	16756	130	416
IS	566	17333	16783	149	401
IS	567	17041	16457	161	423
IS	568	17200	16679	145	376
IS	569	16909	16368	138	403
IS	570	16693	16146	141	406
IS	571	16557	16004	158	395
IS	572	16237	15701	145	391
IS	573	16676	16148	144	384
IS	574	15972	15411	149	412
IS	575	16091	15598	158	335
IS	576	15735	15200	144	391
IS	577	15717	15205	138	374
IS	578	15630	15096	159	375
IS	579	15265	14769	143	353
IS	580	15428	14889	155	384
IS	581	15300	14784	135	381
IS	582	14997	14445	158	394
IS	583	14676	14177	134	365
IS	584	14985	14511	129	345
IS	585	14730	14207	156	367
IS	586	14555	14059	140	356
IS	587	14631	14135	169	327
IS	588	14403	13938	130	335
IS	589	14215	13712	163	340
IS	590	14222	13718	157	347
IS	591	13952	13439	155	358
IS	592	13802	13300	155	347
IS	593	13700	13218	152	330
IS	594	13674	13223	142	309
IS	595	13480	12999	152	329
IS	596	13245	12778	142	325
IS	597	13205	12752	152	301
IS	598	13041	12563	170	308
IS	599	13150	12638	167	345
IS	600	12845	12365	159	321
IS	601	12906	12405	176	325
IS	602	12627	12166	156	305
IS	603	12704	12265	149	290
IS	604	12645	12162	164	319
IS	605	12525	12063	167	295
IS	606	12264	11757	207	300
IS	607	12239	11777	150	312
IS	608	12207	11738	183	286
IS	609	11878	11420	179	279
IS	610	11856	11392	181	283
IS	611	11867	11443	158	266
IS	612	11893	11423	195	275
IS	613	11687	11252	172	263
IS	614	11558	11145	156	257
IS	615	11455	11031	166	258
IS	616	11281	10849	154	278
IS	617	11116	10670	172	274
IS	618	11043	10617	150	276
IS	619	11115	10674	170	271
IS	620	10832	10406	178	248
IS	621	10674	10248	159	267
IS	622	10645	10203	173	269
IS	623	10638	10215	171	252
IS	624	10328	9901	186	241
IS	625	10559	10112	163	284
IS	626	10406	10004	169	233
IS	627	10348	9942	183	223
IS	628	10226	9832	149	245
IS	629	10015	9595	182	238
IS	630	10036	9645	161	230
IS	631	9902	9473	177	252
IS	632	9859	9431	178	250
IS	633	9786	9383	158	245
IS	634	9745	9317	172	256
IS	635	9462	9049	155	258
IS	636	9479	9103	157	219
IS	637	9511	9102	171	238
IS	638	9423	9053	151	219
IS	639	8933	8536	166	231
IS	640	9203	8822	153	228
IS	641	8989	8549	209	231
IS	642	8971	8567	209	195
IS	643	8911	8520	176	215
IS	644	8767	8374	175	218
IS	645	8734	8328	175	231
IS	646	8624	8226	181	217
IS	647	8444	8063	177	204
IS	648	8383	8018	153	212
IS	649	8274	7970	120	184
IS	650	8355	8020	135	200
IS	651	8099	7763	142	194
IS	652	8032	7665	149	218
IS	653	8018	7635	156	227
IS	654	8030	7673	170	187
IS	655	7985	7603	184	198
IS	656	7956	7605	158	193
IS	657	7808	7463	138	207
IS	658	7641	7326	134	181
IS	659	7597	7260	148	189
IS	660	7672	7349	153	170
IS	661	7489	7124	161	204
IS	662	7427	7101	141	185
IS	663	7321	6979	184	158
IS	664	7244	6889	157	198
IS	665	7232	6896	153	183
IS	666	7145	6781	178	186
IS	667	7265	6920	156	189
IS	668	7113	6793	134	186
IS	669	7026	6710	151	165
IS	670	6847	6543	130	174
IS	671	6987	6656	132	199
IS	672	6735	6437	122	176
IS	673	6724	6418	129	177
IS	674	6738	6386	155	197
IS	675	6527	6249	124	154
IS	676	6574	6246	150	178
IS	677	6479	6161	137	181
IS	678	6418	6107	126	185
IS	679	6231	5909	154	168
IS	680	6322	6010	135	177
IS	681	6050	5752	134	164
IS	682	6096	5803	140	153
IS	683	6090	5795	135	160
IS	684	5905	5604	126	175
IS	685	5887	5599	135	153
IS	686	5931	5647	131	153
IS	687	5756	5457	150	149
IS	688	5707	5418	140	149
IS	689	5679	5382	134	163
IS	690	5906	5577	160	169
IS	691	5693	5399	135	159
IS	692	5551	5277	128	146
IS	693	5561	5268	149	144
IS	694	5536	5285	99	152
IS	695	5392	5117	120	155
IS	696	5392	5100	150	142
IS	697	5195	4931	130	134
IS	698	5228	4959	130	139
IS	699	5228	4909	168	151
IS	700	5049	4741	155	153
IS	701	4970	4681	138	151
IS	702	4991	4733	107	151
IS	703	5099	4829	113	157
IS	704	4991	4716	125	150
IS	705	4908	4666	109	133
IS	706	4905	4648	108	149
IS	707	4813	4529	145	139
IS	708	4732	4485	128	119
IS	709	4693	4407	132	154
IS	710	4477	4231	123	123
IS	711	4504	4246	128	130
IS	712	4513	4277	112	124
IS	713	4597	4336	123	138
IS	714	4558	4281	130	147
IS	715	4480	4196	145	139
IS	716	4365	4141	110	114
IS	717	4335	4106	96	133
IS	718	4345	4079	128	138
IS	719	4326	4097	104	125
IS	720	4217	3947	130	140
IS	721	4018	3779	105	134
IS	722	4097	3849	105	143
IS	723	4142	3918	103	121
IS	724	4078	3863	97	118
IS	725	4000	3750	104	146
IS	726	3829	3587	107	135
IS	727	3768	3562	84	122
IS	728	3740	3522	97	121
IS	729	3824	3598	104	122
IS	730	3769	3533	122	114
IS	731	3753	3526	109	118
IS	732	3640	3405	114	121
IS	733	3616	3429	82	105
IS	734	3587	3371	101	115
IS	735	3647	3465	96	86
IS	736	3528	3320	82	126
IS	737	3559	3343	114	102
IS	738	3455	3240	105	110
IS	739	3391	3166	111	114
IS	740	3401	3201	90	110
# Read lengths. Use `grep ^RL | cut -f 2-` to extract this part. The columns are: read length, count
RL	40	306432
RL	41	310344
RL	42	311421
RL	43	308115
RL	44	298630
RL	45	306645
RL	46	305192
RL	47	307100
RL	48	303699
RL	49	305045
RL	50	300996
RL	51	298777
RL	52	298980
RL	53	298995
RL	54	293012
RL	55	288286
RL	56	298523
RL	57	290327
RL	58	268958
RL	59	253590
RL	60	295649
RL	61	267974
RL	62	251563
RL	63	242965
RL	64	246767
RL	65	241885
RL	66	239944
RL	67	240673
RL	68	230281
RL	69	233665
RL	70	231848
RL	71	235122
RL	72	245579
RL	73	239558
RL	74	230917
RL	75	234657
RL	76	233701
RL	77	235102
RL	78	234126
RL	79	236934
RL	80	234735
RL	81	240101
RL	82	239899
RL	83	236629
RL	84	235187
RL	85	241744
RL	86	236706
RL	87	236987
RL	88	236413
RL	89	242644
RL	90	246645
RL	91	250509
RL	92	241815
RL	93	252544
RL	94	254503
RL	95	261848
RL	96	262101
RL	97	276792
RL	98	273002
RL	99	282108
RL	100	277660
RL	101	283175
RL	102	288261
RL	103	295894
RL	104	288875
RL	105	297652
RL	106	296330
RL	107	299672
RL	108	304284
RL	109	315552
RL	110	306302
RL	111	314492
RL	112	310435
RL	113	318113
RL	114	319911
RL	115	330854
RL	116	327120
RL	117	343524
RL	118	336554
RL	119	341341
RL	120	342888
RL	121	346449
RL	122	342871
RL	123	350270
RL	124	345087
RL	125	346304
RL	126	350946
RL	127	355482
RL	128	344199
RL	129	359093
RL	130	354749
RL	131	382304
RL	132	510388
RL	133	1258977
RL	134	7663366
RL	135	62839561
# Read lengths - first fragments. Use `grep ^FRL | cut -f 2-` to extract this part. The columns are: read length, count
FRL	40	72404
FRL	41	72575
FRL	42	71994
FRL	43	70749
FRL	44	69615
FRL	45	69776
FRL	46	69568
FRL	47	69815
FRL	48	69850
FRL	49	70310
FRL	50	71204
FRL	51	70183
FRL	52	70292
FRL	53	70148
FRL	54	69222
FRL	55	68774
FRL	56	76189
FRL	57	72265
FRL	58	68795
FRL	59	66550
FRL	60	81700
FRL	61	74387
FRL	62	71746
FRL	63	68613
FRL	64	68891
FRL	65	69898
FRL	66	69750
FRL	67	69340
FRL	68	69011
FRL	69	70346
FRL	70	69780
FRL	71	70921
FRL	72	78906
FRL	73	74000
FRL	74	74240
FRL	75	74450
FRL	76	74021
FRL	77	72532
FRL	78	73645
FRL	79	74782
FRL	80	76907
FRL	81	76907
FRL	82	77443
FRL	83	76488
FRL	84	75571
FRL	85	75472
FRL	86	74438
FRL	87	75313
FRL	88	76082
FRL	89	75622
FRL	90	76365
FRL	91	77212
FRL	92	76976
FRL	93	78173
FRL	94	78907
FRL	95	79181
FRL	96	81239
FRL	97	81606
FRL	98	83745
FRL	99	86298
FRL	100	85856
FRL	101	86876
FRL	102	89039
FRL	103	88083
FRL	104	90483
FRL	105	92866
FRL	106	95541
FRL	107	99833
FRL	108	106116
FRL	109	111219
FRL	110	115013
FRL	111	117728
FRL	112	118378
FRL	113	121930
FRL	114	126331
FRL	115	130687
FRL	116	132001
FRL	117	137925
FRL	118	140122
FRL	119	143608
FRL	120	144371
FRL	121	144490
FRL	122	147529
FRL	123	148394
FRL	124	150663
FRL	125	150755
FRL	126	153520
FRL	127	154201
FRL	128	150619
FRL	129	159130
FRL	130	156827
FRL	131	169459
FRL	132	231982
FRL	133	578612
FRL	134	3687178
FRL	135	36258365
# Read lengths - last fragments. Use `grep ^LRL | cut -f 2-` to extract this part. The columns are: read length, count
LRL	40	234028
LRL	41	237769
LRL	42	239427
LRL	43	237366
LRL	44	229015
LRL	45	236869
LRL	46	235624
LRL	47	237285
LRL	48	233849
LRL	49	234735
LRL	50	229792
LRL	51	228594
LRL	52	228688
LRL	53	228847
LRL	54	223790
LRL	55	219512
LRL	56	222334
LRL	57	218062
LRL	58	200163
LRL	59	187040
LRL	60	213949
LRL	61	193587
LRL	62	179817
LRL	63	174352
LRL	64	177876
LRL	65	171987
LRL	66	170194
LRL	67	171333
LRL	68	161270
LRL	69	163319
LRL	70	162068
LRL	71	164201
LRL	72	166673
LRL	73	165558
LRL	74	156677
LRL	75	160207
LRL	76	159680
LRL	77	162570
LRL	78	160481
LRL	79	162152
LRL	80	157828
LRL	81	163194
LRL	82	162456
LRL	83	160141
LRL	84	159616
LRL	85	166272
LRL	86	162268
LRL	87	161674
LRL	88	160331
LRL	89	167022
LRL	90	170280
LRL	91	173297
LRL	92	164839
LRL	93	174371
LRL	94	175596
LRL	95	182667
LRL	96	180862
LRL	97	195186
LRL	98	189257
LRL	99	195810
LRL	100	191804
LRL	101	196299
LRL	102	199222
LRL	103	207811
LRL	104	198392
LRL	105	204786
LRL	106	200789
LRL	107	199839
LRL	108	198168
LRL	109	204333
LRL	110	191289
LRL	111	196764
LRL	112	192057
LRL	113	196183
LRL	114	193580
LRL	115	200167
LRL	116	195119
LRL	117	205599
LRL	118	196432
LRL	119	197733
LRL	120	198517
LRL	121	201959
LRL	122	195342
LRL	123	201876
LRL	124	194424
LRL	125	195549
LRL	126	197426
LRL	127	201281
LRL	128	193580
LRL	129	199963
LRL	130	197922
LRL	131	212845
LRL	132	278406
LRL	133	680365
LRL	134	3976188
LRL	135	26581196
# Indel distribution. Use `grep ^ID | cut -f 2-` to extract this part. The columns are: length, number of insertions, number of deletions
ID	1	3553786	3817661
ID	2	1333976	1125997
ID	3	400387	383248
ID	4	538039	522339
ID	5	194142	235105
ID	6	168492	228368
ID	7	58285	84645
ID	8	70878	119501
ID	9	39364	82626
ID	10	52208	97656
ID	11	48462	156559
ID	12	31494	45854
ID	13	10020	19781
ID	14	8806	15493
ID	15	7487	13054
ID	16	5261	11876
ID	17	3429	7161
ID	18	3534	7807
ID	19	2386	6063
ID	20	2738	7421
ID	21	2146	6040
ID	22	3283	11823
ID	23	1121	3516
ID	24	916	3389
ID	25	533	2207
ID	26	468	1839
ID	27	332	1548
ID	28	310	1465
ID	29	242	1158
ID	30	214	1311
ID	31	119	1031
ID	32	118	969
ID	33	91	1294
ID	34	65	734
ID	35	41	684
ID	36	34	652
ID	37	15	544
ID	38	8	497
ID	39	2	473
ID	40	3	420
ID	41	2	353
ID	42	2	401
ID	43	0	337
ID	44	0	432
ID	45	0	287
ID	46	0	221
ID	47	0	214
ID	48	0	206
ID	49	0	145
ID	50	0	141
ID	51	0	129
ID	52	0	118
ID	53	0	99
ID	54	0	88
ID	55	0	60
ID	56	0	62
ID	57	0	52
ID	58	0	27
ID	59	0	21
ID	60	0	20
ID	61	0	9
ID	62	0	3
ID	63	0	1
# Indels per cycle. Use `grep ^IC | cut -f 2-` to extract this part. The columns are: cycle, number of insertions (fwd), .. (rev) , number of deletions (fwd), .. (rev)
IC	1	30	19	12	6
IC	2	5	4	18	22
IC	3	2	7	14450	17351
IC	4	35538	16960	17795	21045
IC	5	63033	18199	17972	18033
IC	6	28437	17424	12065	18233
IC	7	11443	18118	8821	18181
IC	8	6923	17216	11039	23065
IC	9	8671	23314	11365	24187
IC	10	9450	22644	11173	23832
IC	11	10730	23601	11574	24802
IC	12	11122	23567	13333	25218
IC	13	12242	24680	15906	26998
IC	14	13912	26143	17177	29334
IC	15	16581	29346	19580	27270
IC	16	18869	28045	21019	28040
IC	17	20733	28540	24072	28624
IC	18	22647	28163	25989	30442
IC	19	25069	30075	28452	32222
IC	20	26448	31527	31189	34031
IC	21	28894	34036	32036	31669
IC	22	30819	31552	32508	32897
IC	23	31971	32826	34570	31941
IC	24	33553	31461	35142	33485
IC	25	35629	32356	37461	33744
IC	26	36562	32309	36846	33773
IC	27	38362	34149	37806	32812
IC	28	37491	32145	38751	33823
IC	29	39474	33399	40018	33860
IC	30	40397	32137	39954	35782
IC	31	40736	33015	41106	33814
IC	32	40812	32407	41082	34523
IC	33	41559	33772	41240	33330
IC	34	41450	32271	41003	33378
IC	35	41837	31743	42306	33984
IC	36	42065	30670	41506	35010
IC	37	42486	31650	42407	33567
IC	38	42828	30505	41919	34284
IC	39	43076	31646	43052	31904
IC	40	43015	29811	43367	34589
IC	41	42141	30355	43192	33710
IC	42	42857	29034	42781	33177
IC	43	42791	29543	42989	31680
IC	44	42800	28744	42833	32556
IC	45	42876	29422	43412	30731
IC	46	42813	27530	42820	31868
IC	47	42285	26942	43187	30336
IC	48	42271	26263	42865	30552
IC	49	41960	26622	43241	29197
IC	50	42025	25399	42642	29956
IC	51	42195	26448	43373	29028
IC	52	42005	25281	43042	30301
IC	53	41636	25486	43269	28404
IC	54	42489	24710	42073	27799
IC	55	42203	24716	42820	27480
IC	56	41583	24174	41901	27771
IC	57	41657	24271	42426	26949
IC	58	41542	23115	41752	27481
IC	59	41430	23209	42429	25817
IC	60	41605	22400	42214	26612
IC	61	41157	22200	41788	25033
IC	62	41367	22078	41482	26459
IC	63	40570	22753	41919	25226
IC	64	39999	21538	41666	25472
IC	65	40334	21484	41122	23980
IC	66	40569	20615	41342	24180
IC	67	40623	20595	41121	23693
IC	68	39809	19922	40547	24057
IC	69	39497	20340	40523	23173
IC	70	39427	19379	39641	23200
IC	71	38473	19264	40166	22184
IC	72	37978	18815	39623	22874
IC	73	38511	19243	39776	22160
IC	74	38496	18896	39246	22287
IC	75	37754	18871	39591	21681
IC	76	37810	18153	38831	21701
IC	77	37140	18103	38991	20754
IC	78	36940	17552	37754	20783
IC	79	36692	17392	38542	20498
IC	80	36090	16904	37868	20835
IC	81	36025	17048	37577	20272
IC	82	35312	16525	36765	20238
IC	83	34843	16338	37360	19795
IC	84	35141	16056	36804	19603
IC	85	34821	16357	37112	19341
IC	86	34658	15973	36037	19081
IC	87	33608	16007	35697	18722
IC	88	33482	15052	35428	18549
IC	89	32878	15465	35223	17889
IC	90	32959	14530	34678	17714
IC	91	32345	14585	34580	17770
IC	92	32238	14234	33501	17910
IC	93	31213	14381	33939	17220
IC	94	30903	13851	32759	16888
IC	95	30509	13954	33176	16599
IC	96	30632	13832	32142	16471
IC	97	29811	13570	32113	16187
IC	98	29537	13017	31414	15832
IC	99	28662	13153	31423	15666
IC	100	28539	13055	30461	15660
IC	101	28015	12489	30382	15316
IC	102	27905	12435	29368	14756
IC	103	27092	12301	29445	14941
IC	104	26274	12165	28925	14775
IC	105	25879	11923	28966	14370
IC	106	25251	11773	27943	13972
IC	107	24840	11690	27816	13727
IC	108	24653	11414	27065	13450
IC	109	24497	11239	27348	13527
IC	110	23833	11088	26342	13541
IC	111	22927	11035	26134	12659
IC	112	22317	10652	24828	12961
IC	113	21610	10539	24897	12659
IC	114	21261	10103	23859	12444
IC	115	20596	10044	23984	12189
IC	116	20339	9919	23096	12164
IC	117	19609	9653	22523	11649
IC	118	18775	9232	21766	11570
IC	119	17797	9200	21660	11422
IC	120	17744	9050	20590	10993
IC	121	16898	8698	20045	10768
IC	122	16446	8264	19282	10312
IC	123	15122	7961	18433	10007
IC	124	14258	7629	17608	9840
IC	125	13191	7030	17114	9213
IC	126	12250	6399	15874	8850
IC	127	10990	5746	15090	8218
IC	128	9598	5012	13327	7664
IC	129	8563	4877	12571	7239
IC	130	8443	4642	12462	6928
IC	131	7059	3716	10867	5678
IC	132	6387	3285	7767	3810
IC	133	2	1	16	5
IC	134	0	1	7	1
# Coverage distribution. Use `grep ^COV | cut -f 2-` to extract this part.
COV	[1-1]	1	130
# GC-depth. Use `grep ^GCD | cut -f 2-` to extract this part. The columns are: GC%, unique sequence percentiles, 10th, 25th, 50th, 75th and 90th depth percentile
GCD	0.0	100.000	0.000	0.000	0.000	0.000	0.000
