# This file was produced by samtools stats (1.9+htslib-1.9) and can be plotted using plot-bamstats
# This file contains statistics for all reads.
# The command line was:  stats 4717-JW-0008_S4_L003.bam
# CHK, Checksum	[2]Read Names	[3]Sequences	[4]Qualities
# CHK, CRC32 of reads which passed filtering followed by addition (32bit overflow)
CHK	6ed8c9a2	c7d8b000	7432d5a5
# Summary Numbers. Use `grep ^SN | cut -f 2-` to extract this part.
SN	raw total sequences:	98792466
SN	filtered sequences:	0
SN	sequences:	98792466
SN	is sorted:	0
SN	1st fragments:	49396233
SN	last fragments:	49396233
SN	reads mapped:	94422112
SN	reads mapped and paired:	93138274	# paired-end technology bit set + both mates mapped
SN	reads unmapped:	4370354
SN	reads properly paired:	83094092	# proper-pair bit set
SN	reads paired:	98792466	# paired-end technology bit set
SN	reads duplicated:	0	# PCR or optical duplicate bit set
SN	reads MQ0:	9686274	# mapped and MQ=0
SN	reads QC failed:	0
SN	non-primary alignments:	0
SN	total length:	12164850756	# ignores clipping
SN	total first fragment length:	6297682339	# ignores clipping
SN	total last fragment length:	5867168417	# ignores clipping
SN	bases mapped:	11781800206	# ignores clipping
SN	bases mapped (cigar):	10989655700	# more accurate
SN	bases trimmed:	0
SN	bases duplicated:	0
SN	mismatches:	141185543	# from NM fields
SN	error rate:	1.284713e-02	# mismatches / bases mapped (cigar)
SN	average length:	123
SN	average first fragment length:	127
SN	average last fragment length:	119
SN	maximum length:	135
SN	maximum first fragment length:	135
SN	maximum last fragment length:	135
SN	average quality:	38.5
SN	insert size average:	272.2
SN	insert size standard deviation:	140.5
SN	inward oriented pairs:	39080339
SN	outward oriented pairs:	4100184
SN	pairs with other orientation:	2649025
SN	pairs on different chromosomes:	2818370
SN	percentage of properly paired reads (%):	84.1
# First Fragment Qualities. Use `grep ^FFQ | cut -f 2-` to extract this part.
# Columns correspond to qualities and rows to cycles. First column is the cycle number.
FFQ	1	0	0	0	0	0	0	0	0	0	0	0	0	264993	0	0	0	0	0	0	0	0	0	274751	0	0	0	0	424191	0	0	0	0	1087442	0	0	0	0	3392298	0	0	0	43952558	0
FFQ	2	0	0	0	0	0	0	0	0	0	0	0	0	271789	0	0	0	0	0	0	0	0	0	281021	0	0	0	0	429925	0	0	0	0	1100888	0	0	0	0	3395024	0	0	0	43917586	0
FFQ	3	0	0	0	0	0	0	0	0	0	0	0	0	285018	0	0	0	0	0	0	0	0	0	289830	0	0	0	0	448988	0	0	0	0	1097181	0	0	0	0	3399504	0	0	0	43875712	0
FFQ	4	0	0	2370	0	0	0	0	0	0	0	0	0	279962	0	0	0	0	0	0	0	0	0	290236	0	0	0	0	454769	0	0	0	0	1090889	0	0	0	0	3434815	0	0	0	43843192	0
FFQ	5	0	0	0	0	0	0	0	0	0	0	0	0	264945	0	0	0	0	0	0	0	0	0	276393	0	0	0	0	438421	0	0	0	0	1059242	0	0	0	0	3364744	0	0	0	43992488	0
FFQ	6	0	0	2	0	0	0	0	0	0	0	0	0	274926	0	0	0	0	0	0	0	0	0	280198	0	0	0	0	436719	0	0	0	0	1060506	0	0	0	0	3405140	0	0	0	43938742	0
FFQ	7	0	0	0	0	0	0	0	0	0	0	0	0	294404	0	0	0	0	0	0	0	0	0	291546	0	0	0	0	447542	0	0	0	0	1072337	0	0	0	0	3536170	0	0	0	43754234	0
FFQ	8	0	0	0	0	0	0	0	0	0	0	0	0	322101	0	0	0	0	0	0	0	0	0	306759	0	0	0	0	470824	0	0	0	0	1096593	0	0	0	0	3644282	0	0	0	43555674	0
FFQ	9	0	0	0	0	0	0	0	0	0	0	0	0	304488	0	0	0	0	0	0	0	0	0	302490	0	0	0	0	502668	0	0	0	0	1025581	0	0	0	0	3618866	0	0	0	43642140	0
FFQ	10	0	0	0	0	0	0	0	0	0	0	0	0	378742	0	0	0	0	0	0	0	0	0	306858	0	0	0	0	549041	0	0	0	0	921734	0	0	0	0	3525954	0	0	0	43713904	0
FFQ	11	0	0	23	0	0	0	0	0	0	0	0	0	395569	0	0	0	0	0	0	0	0	0	321751	0	0	0	0	582178	0	0	0	0	901566	0	0	0	0	3516002	0	0	0	43679144	0
FFQ	12	0	0	95	0	0	0	0	0	0	0	0	0	391893	0	0	0	0	0	0	0	0	0	333897	0	0	0	0	609021	0	0	0	0	887896	0	0	0	0	3525776	0	0	0	43647655	0
FFQ	13	0	0	0	0	0	0	0	0	0	0	0	0	392940	0	0	0	0	0	0	0	0	0	352857	0	0	0	0	634354	0	0	0	0	904156	0	0	0	0	3559201	0	0	0	43552725	0
FFQ	14	0	0	449	0	0	0	0	0	0	0	0	0	418606	0	0	0	0	0	0	0	0	0	371164	0	0	0	0	656868	0	0	0	0	935649	0	0	0	0	3595015	0	0	0	43418482	0
FFQ	15	0	0	285	0	0	0	0	0	0	0	0	0	434838	0	0	0	0	0	0	0	0	0	385307	0	0	0	0	670815	0	0	0	0	954718	0	0	0	0	3648630	0	0	0	43301640	0
FFQ	16	0	0	0	0	0	0	0	0	0	0	0	0	435715	0	0	0	0	0	0	0	0	0	382873	0	0	0	0	671899	0	0	0	0	955146	0	0	0	0	3669951	0	0	0	43280649	0
FFQ	17	0	0	606	0	0	0	0	0	0	0	0	0	450009	0	0	0	0	0	0	0	0	0	390637	0	0	0	0	684580	0	0	0	0	968021	0	0	0	0	3726554	0	0	0	43175826	0
FFQ	18	0	0	3	0	0	0	0	0	0	0	0	0	682616	0	0	0	0	0	0	0	0	0	432620	0	0	0	0	698010	0	0	0	0	1101962	0	0	0	0	3779636	0	0	0	42701386	0
FFQ	19	0	0	3354	0	0	0	0	0	0	0	0	0	488802	0	0	0	0	0	0	0	0	0	435757	0	0	0	0	782710	0	0	0	0	999328	0	0	0	0	3917491	0	0	0	42768791	0
FFQ	20	0	0	0	0	0	0	0	0	0	0	0	0	479488	0	0	0	0	0	0	0	0	0	402356	0	0	0	0	705811	0	0	0	0	979596	0	0	0	0	3827066	0	0	0	43001916	0
FFQ	21	0	0	468	0	0	0	0	0	0	0	0	0	496963	0	0	0	0	0	0	0	0	0	406708	0	0	0	0	708993	0	0	0	0	983616	0	0	0	0	3766680	0	0	0	43032805	0
FFQ	22	0	0	1286	0	0	0	0	0	0	0	0	0	518133	0	0	0	0	0	0	0	0	0	423949	0	0	0	0	727543	0	0	0	0	1010652	0	0	0	0	3830187	0	0	0	42884483	0
FFQ	23	0	0	72	0	0	0	0	0	0	0	0	0	538264	0	0	0	0	0	0	0	0	0	434000	0	0	0	0	741028	0	0	0	0	1023298	0	0	0	0	3872235	0	0	0	42787336	0
FFQ	24	0	0	1559	0	0	0	0	0	0	0	0	0	552178	0	0	0	0	0	0	0	0	0	443181	0	0	0	0	748357	0	0	0	0	1033146	0	0	0	0	3901347	0	0	0	42716465	0
FFQ	25	0	0	729	0	0	0	0	0	0	0	0	0	550820	0	0	0	0	0	0	0	0	0	447103	0	0	0	0	750755	0	0	0	0	1037279	0	0	0	0	3911332	0	0	0	42698215	0
FFQ	26	0	0	0	0	0	0	0	0	0	0	0	0	586683	0	0	0	0	0	0	0	0	0	462168	0	0	0	0	773269	0	0	0	0	1059689	0	0	0	0	3972597	0	0	0	42541827	0
FFQ	27	0	0	369	0	0	0	0	0	0	0	0	0	578914	0	0	0	0	0	0	0	0	0	458265	0	0	0	0	769470	0	0	0	0	1059750	0	0	0	0	3945273	0	0	0	42584192	0
FFQ	28	0	0	158	0	0	0	0	0	0	0	0	0	614825	0	0	0	0	0	0	0	0	0	474182	0	0	0	0	787893	0	0	0	0	1074143	0	0	0	0	3995611	0	0	0	42449421	0
FFQ	29	0	0	2138	0	0	0	0	0	0	0	0	0	615702	0	0	0	0	0	0	0	0	0	476407	0	0	0	0	789363	0	0	0	0	1076886	0	0	0	0	4019277	0	0	0	42416460	0
FFQ	30	0	0	299	0	0	0	0	0	0	0	0	0	662250	0	0	0	0	0	0	0	0	0	494630	0	0	0	0	815255	0	0	0	0	1098921	0	0	0	0	4070292	0	0	0	42254586	0
FFQ	31	0	0	341	0	0	0	0	0	0	0	0	0	672898	0	0	0	0	0	0	0	0	0	504037	0	0	0	0	826999	0	0	0	0	1106104	0	0	0	0	4080129	0	0	0	42205725	0
FFQ	32	0	0	0	0	0	0	0	0	0	0	0	0	754662	0	0	0	0	0	0	0	0	0	526953	0	0	0	0	851769	0	0	0	0	1115917	0	0	0	0	4111654	0	0	0	42035278	0
FFQ	33	0	0	16	0	0	0	0	0	0	0	0	0	722798	0	0	0	0	0	0	0	0	0	546941	0	0	0	0	898488	0	0	0	0	1134231	0	0	0	0	4170096	0	0	0	41923663	0
FFQ	34	0	0	0	0	0	0	0	0	0	0	0	0	753482	0	0	0	0	0	0	0	0	0	550764	0	0	0	0	885621	0	0	0	0	1160952	0	0	0	0	4228783	0	0	0	41816631	0
FFQ	35	0	0	987	0	0	0	0	0	0	0	0	0	748972	0	0	0	0	0	0	0	0	0	548764	0	0	0	0	881655	0	0	0	0	1155774	0	0	0	0	4177982	0	0	0	41882099	0
FFQ	36	0	0	319	0	0	0	0	0	0	0	0	0	782288	0	0	0	0	0	0	0	0	0	566562	0	0	0	0	905073	0	0	0	0	1183058	0	0	0	0	4234411	0	0	0	41724522	0
FFQ	37	0	0	1919	0	0	0	0	0	0	0	0	0	832528	0	0	0	0	0	0	0	0	0	595750	0	0	0	0	942622	0	0	0	0	1229351	0	0	0	0	4348683	0	0	0	41445380	0
FFQ	38	0	0	343	0	0	0	0	0	0	0	0	0	840019	0	0	0	0	0	0	0	0	0	599014	0	0	0	0	940727	0	0	0	0	1241216	0	0	0	0	4351276	0	0	0	41423638	0
FFQ	39	0	0	0	0	0	0	0	0	0	0	0	0	894368	0	0	0	0	0	0	0	0	0	614575	0	0	0	0	958026	0	0	0	0	1287340	0	0	0	0	4337415	0	0	0	41304509	0
FFQ	40	0	0	54	0	0	0	0	0	0	0	0	0	901027	0	0	0	0	0	0	0	0	0	650672	0	0	0	0	970563	0	0	0	0	1361887	0	0	0	0	4311908	0	0	0	41200122	0
FFQ	41	0	0	0	0	0	0	0	0	0	0	0	0	910372	0	0	0	0	0	0	0	0	0	653765	0	0	0	0	975333	0	0	0	0	1404121	0	0	0	0	4272490	0	0	0	41106021	0
FFQ	42	0	0	569	0	0	0	0	0	0	0	0	0	938795	0	0	0	0	0	0	0	0	0	664187	0	0	0	0	991472	0	0	0	0	1442686	0	0	0	0	4328224	0	0	0	40881633	0
FFQ	43	0	0	42	0	0	0	0	0	0	0	0	0	1086143	0	0	0	0	0	0	0	0	0	703415	0	0	0	0	1035752	0	0	0	0	1477927	0	0	0	0	4367469	0	0	0	40502707	0
FFQ	44	0	0	2	0	0	0	0	0	0	0	0	0	1003477	0	0	0	0	0	0	0	0	0	702590	0	0	0	0	1058774	0	0	0	0	1493901	0	0	0	0	4444743	0	0	0	40397215	0
FFQ	45	0	0	2128	0	0	0	0	0	0	0	0	0	931568	0	0	0	0	0	0	0	0	0	683977	0	0	0	0	1037002	0	0	0	0	1501353	0	0	0	0	4431943	0	0	0	40441316	0
FFQ	46	0	0	510	0	0	0	0	0	0	0	0	0	939715	0	0	0	0	0	0	0	0	0	671817	0	0	0	0	1009813	0	0	0	0	1501019	0	0	0	0	4398546	0	0	0	40436475	0
FFQ	47	0	0	98	0	0	0	0	0	0	0	0	0	956639	0	0	0	0	0	0	0	0	0	678830	0	0	0	0	1018840	0	0	0	0	1514261	0	0	0	0	4380482	0	0	0	40338367	0
FFQ	48	0	0	1357	0	0	0	0	0	0	0	0	0	986840	0	0	0	0	0	0	0	0	0	678201	0	0	0	0	1011393	0	0	0	0	1508232	0	0	0	0	4361067	0	0	0	40271087	0
FFQ	49	0	0	0	0	0	0	0	0	0	0	0	0	957673	0	0	0	0	0	0	0	0	0	688365	0	0	0	0	1035328	0	0	0	0	1535823	0	0	0	0	4417334	0	0	0	40112873	0
FFQ	50	0	0	38	0	0	0	0	0	0	0	0	0	964279	0	0	0	0	0	0	0	0	0	685775	0	0	0	0	1027393	0	0	0	0	1539933	0	0	0	0	4436203	0	0	0	40022783	0
FFQ	51	0	0	41	0	0	0	0	0	0	0	0	0	970103	0	0	0	0	0	0	0	0	0	690610	0	0	0	0	1024892	0	0	0	0	1568920	0	0	0	0	4410170	0	0	0	39939034	0
FFQ	52	0	0	1745	0	0	0	0	0	0	0	0	0	1007764	0	0	0	0	0	0	0	0	0	704209	0	0	0	0	1050681	0	0	0	0	1619515	0	0	0	0	4435366	0	0	0	39711915	0
FFQ	53	0	0	3034	0	0	0	0	0	0	0	0	0	1000133	0	0	0	0	0	0	0	0	0	709425	0	0	0	0	1054919	0	0	0	0	1662231	0	0	0	0	4438782	0	0	0	39590742	0
FFQ	54	0	0	277	0	0	0	0	0	0	0	0	0	999389	0	0	0	0	0	0	0	0	0	709232	0	0	0	0	1048003	0	0	0	0	1685349	0	0	0	0	4415799	0	0	0	39529259	0
FFQ	55	0	0	0	0	0	0	0	0	0	0	0	0	1003767	0	0	0	0	0	0	0	0	0	710281	0	0	0	0	1050357	0	0	0	0	1720003	0	0	0	0	4385852	0	0	0	39445809	0
FFQ	56	0	0	2054	0	0	0	0	0	0	0	0	0	1233759	0	0	0	0	0	0	0	0	0	785131	0	0	0	0	1160148	0	0	0	0	1740956	0	0	0	0	4310477	0	0	0	39012687	0
FFQ	57	0	0	178	0	0	0	0	0	0	0	0	0	1022725	0	0	0	0	0	0	0	0	0	781702	0	0	0	0	1197688	0	0	0	0	1810218	0	0	0	0	4488710	0	0	0	38865468	0
FFQ	58	0	0	0	0	0	0	0	0	0	0	0	0	1013909	0	0	0	0	0	0	0	0	0	739307	0	0	0	0	1085537	0	0	0	0	1841816	0	0	0	0	4515622	0	0	0	38896232	0
FFQ	59	0	0	0	0	0	0	0	0	0	0	0	0	1041562	0	0	0	0	0	0	0	0	0	741578	0	0	0	0	1099984	0	0	0	0	1788873	0	0	0	0	4531364	0	0	0	38818979	0
FFQ	60	0	0	0	0	0	0	0	0	0	0	0	0	979231	0	0	0	0	0	0	0	0	0	1404579	0	0	0	0	1172646	0	0	0	0	3363773	0	0	0	0	8531301	0	0	0	32503313	0
FFQ	61	0	0	48	0	0	0	0	0	0	0	0	0	1016519	0	0	0	0	0	0	0	0	0	987114	0	0	0	0	986220	0	0	0	0	2378649	0	0	0	0	5869861	0	0	0	36633317	0
FFQ	62	0	0	0	0	0	0	0	0	0	0	0	0	1030551	0	0	0	0	0	0	0	0	0	863558	0	0	0	0	991648	0	0	0	0	1963689	0	0	0	0	4800781	0	0	0	38144448	0
FFQ	63	0	0	0	0	0	0	0	0	0	0	0	0	874788	0	0	0	0	0	0	0	0	0	822956	0	0	0	0	927482	0	0	0	0	1786456	0	0	0	0	4340227	0	0	0	38971144	0
FFQ	64	0	0	132	0	0	0	0	0	0	0	0	0	902064	0	0	0	0	0	0	0	0	0	789467	0	0	0	0	855377	0	0	0	0	1736479	0	0	0	0	4236522	0	0	0	39131661	0
FFQ	65	0	0	512	0	0	0	0	0	0	0	0	0	885620	0	0	0	0	0	0	0	0	0	796128	0	0	0	0	819915	0	0	0	0	1686835	0	0	0	0	4135188	0	0	0	39257575	0
FFQ	66	0	0	1169	0	0	0	0	0	0	0	0	0	881668	0	0	0	0	0	0	0	0	0	797191	0	0	0	0	807324	0	0	0	0	1667821	0	0	0	0	4087198	0	0	0	39268161	0
FFQ	67	0	0	0	0	0	0	0	0	0	0	0	0	893383	0	0	0	0	0	0	0	0	0	796840	0	0	0	0	804480	0	0	0	0	1657883	0	0	0	0	4050450	0	0	0	39236473	0
FFQ	68	0	0	1672	0	0	0	0	0	0	0	0	0	915259	0	0	0	0	0	0	0	0	0	811257	0	0	0	0	819271	0	0	0	0	1670506	0	0	0	0	4083170	0	0	0	39067411	0
FFQ	69	0	0	0	0	0	0	0	0	0	0	0	0	929206	0	0	0	0	0	0	0	0	0	831392	0	0	0	0	819828	0	0	0	0	1692838	0	0	0	0	4100081	0	0	0	38923497	0
FFQ	70	0	0	2547	0	0	0	0	0	0	0	0	0	916198	0	0	0	0	0	0	0	0	0	830968	0	0	0	0	820240	0	0	0	0	1700221	0	0	0	0	4112527	0	0	0	38841825	0
FFQ	71	0	0	62	0	0	0	0	0	0	0	0	0	943037	0	0	0	0	0	0	0	0	0	848619	0	0	0	0	840084	0	0	0	0	1730394	0	0	0	0	4187579	0	0	0	38600874	0
FFQ	72	0	0	12	0	0	0	0	0	0	0	0	0	955191	0	0	0	0	0	0	0	0	0	851754	0	0	0	0	841616	0	0	0	0	1734415	0	0	0	0	4203905	0	0	0	38490741	0
FFQ	73	0	0	0	0	0	0	0	0	0	0	0	0	945575	0	0	0	0	0	0	0	0	0	850100	0	0	0	0	834442	0	0	0	0	1720362	0	0	0	0	4171879	0	0	0	38474539	0
FFQ	74	0	0	0	0	0	0	0	0	0	0	0	0	978894	0	0	0	0	0	0	0	0	0	866794	0	0	0	0	857538	0	0	0	0	1746471	0	0	0	0	4236724	0	0	0	38233525	0
FFQ	75	0	0	1359	0	0	0	0	0	0	0	0	0	983052	0	0	0	0	0	0	0	0	0	876887	0	0	0	0	864380	0	0	0	0	1771099	0	0	0	0	4268635	0	0	0	38078336	0
FFQ	76	0	0	0	0	0	0	0	0	0	0	0	0	981072	0	0	0	0	0	0	0	0	0	878228	0	0	0	0	869501	0	0	0	0	1779855	0	0	0	0	4305804	0	0	0	37952604	0
FFQ	77	0	0	518	0	0	0	0	0	0	0	0	0	993969	0	0	0	0	0	0	0	0	0	884845	0	0	0	0	872542	0	0	0	0	1797330	0	0	0	0	4329701	0	0	0	37812334	0
FFQ	78	0	0	224	0	0	0	0	0	0	0	0	0	1010215	0	0	0	0	0	0	0	0	0	896236	0	0	0	0	885942	0	0	0	0	1824604	0	0	0	0	4368839	0	0	0	37630252	0
FFQ	79	0	0	1164	0	0	0	0	0	0	0	0	0	1015022	0	0	0	0	0	0	0	0	0	905325	0	0	0	0	894423	0	0	0	0	1838282	0	0	0	0	4386474	0	0	0	37500635	0
FFQ	80	0	0	0	0	0	0	0	0	0	0	0	0	1016495	0	0	0	0	0	0	0	0	0	908405	0	0	0	0	894048	0	0	0	0	1843699	0	0	0	0	4394913	0	0	0	37406205	0
FFQ	81	0	0	386	0	0	0	0	0	0	0	0	0	1108478	0	0	0	0	0	0	0	0	0	934045	0	0	0	0	904839	0	0	0	0	1853397	0	0	0	0	4415406	0	0	0	37166989	0
FFQ	82	0	0	1069	0	0	0	0	0	0	0	0	0	1047305	0	0	0	0	0	0	0	0	0	959812	0	0	0	0	940202	0	0	0	0	1903190	0	0	0	0	4478232	0	0	0	36974005	0
FFQ	83	0	0	0	0	0	0	0	0	0	0	0	0	1038383	0	0	0	0	0	0	0	0	0	932996	0	0	0	0	916846	0	0	0	0	1910076	0	0	0	0	4461266	0	0	0	36964584	0
FFQ	84	0	0	0	0	0	0	0	0	0	0	0	0	1198842	0	0	0	0	0	0	0	0	0	969283	0	0	0	0	936279	0	0	0	0	1949166	0	0	0	0	4451338	0	0	0	36638805	0
FFQ	85	0	0	0	0	0	0	0	0	0	0	0	0	1060551	0	0	0	0	0	0	0	0	0	984809	0	0	0	0	966142	0	0	0	0	1978403	0	0	0	0	4480226	0	0	0	36596920	0
FFQ	86	0	0	544	0	0	0	0	0	0	0	0	0	1059783	0	0	0	0	0	0	0	0	0	952377	0	0	0	0	935827	0	0	0	0	1992185	0	0	0	0	4527721	0	0	0	36522119	0
FFQ	87	0	0	0	0	0	0	0	0	0	0	0	0	1074732	0	0	0	0	0	0	0	0	0	948082	0	0	0	0	943313	0	0	0	0	1992625	0	0	0	0	4534950	0	0	0	36419467	0
FFQ	88	0	0	4991	0	0	0	0	0	0	0	0	0	1084678	0	0	0	0	0	0	0	0	0	954308	0	0	0	0	949830	0	0	0	0	2015357	0	0	0	0	4546777	0	0	0	36280400	0
FFQ	89	0	0	1147	0	0	0	0	0	0	0	0	0	1107676	0	0	0	0	0	0	0	0	0	974393	0	0	0	0	967944	0	0	0	0	2043362	0	0	0	0	4592940	0	0	0	36072259	0
FFQ	90	0	0	18	0	0	0	0	0	0	0	0	0	1107097	0	0	0	0	0	0	0	0	0	977694	0	0	0	0	970541	0	0	0	0	2071257	0	0	0	0	4606125	0	0	0	35949725	0
FFQ	91	0	0	0	0	0	0	0	0	0	0	0	0	1134855	0	0	0	0	0	0	0	0	0	993825	0	0	0	0	989363	0	0	0	0	2094434	0	0	0	0	4668035	0	0	0	35724036	0
FFQ	92	0	0	293	0	0	0	0	0	0	0	0	0	1117708	0	0	0	0	0	0	0	0	0	991541	0	0	0	0	983944	0	0	0	0	2098679	0	0	0	0	4685600	0	0	0	35648459	0
FFQ	93	0	0	0	0	0	0	0	0	0	0	0	0	1139910	0	0	0	0	0	0	0	0	0	1000486	0	0	0	0	997655	0	0	0	0	2105401	0	0	0	0	4722811	0	0	0	35480290	0
FFQ	94	0	0	171	0	0	0	0	0	0	0	0	0	1146634	0	0	0	0	0	0	0	0	0	1012338	0	0	0	0	1011895	0	0	0	0	2127643	0	0	0	0	4790524	0	0	0	35277864	0
FFQ	95	0	0	0	0	0	0	0	0	0	0	0	0	1158343	0	0	0	0	0	0	0	0	0	1021612	0	0	0	0	1022797	0	0	0	0	2143612	0	0	0	0	4846433	0	0	0	35092958	0
FFQ	96	0	0	0	0	0	0	0	0	0	0	0	0	1159639	0	0	0	0	0	0	0	0	0	1022868	0	0	0	0	1026257	0	0	0	0	2140707	0	0	0	0	4928090	0	0	0	34926775	0
FFQ	97	0	0	851	0	0	0	0	0	0	0	0	0	1186731	0	0	0	0	0	0	0	0	0	1044246	0	0	0	0	1040886	0	0	0	0	2161355	0	0	0	0	5033260	0	0	0	34654012	0
FFQ	98	0	0	257	0	0	0	0	0	0	0	0	0	1185049	0	0	0	0	0	0	0	0	0	1059587	0	0	0	0	1044866	0	0	0	0	2177755	0	0	0	0	5201070	0	0	0	34368083	0
FFQ	99	0	0	2526	0	0	0	0	0	0	0	0	0	1200408	0	0	0	0	0	0	0	0	0	1074451	0	0	0	0	1045915	0	0	0	0	2193404	0	0	0	0	5342787	0	0	0	34091281	0
FFQ	100	0	0	138	0	0	0	0	0	0	0	0	0	1218359	0	0	0	0	0	0	0	0	0	1108566	0	0	0	0	1052869	0	0	0	0	2218624	0	0	0	0	5641817	0	0	0	33622846	0
FFQ	101	0	0	1079	0	0	0	0	0	0	0	0	0	1224979	0	0	0	0	0	0	0	0	0	1121384	0	0	0	0	1060171	0	0	0	0	2225378	0	0	0	0	5833497	0	0	0	33307449	0
FFQ	102	0	0	0	0	0	0	0	0	0	0	0	0	1218089	0	0	0	0	0	0	0	0	0	1124993	0	0	0	0	1070867	0	0	0	0	2230107	0	0	0	0	5878250	0	0	0	33160843	0
FFQ	103	0	0	982	0	0	0	0	0	0	0	0	0	1243768	0	0	0	0	0	0	0	0	0	1137409	0	0	0	0	1075298	0	0	0	0	2240408	0	0	0	0	6060230	0	0	0	32833231	0
FFQ	104	0	0	213	0	0	0	0	0	0	0	0	0	1250587	0	0	0	0	0	0	0	0	0	1153892	0	0	0	0	1085455	0	0	0	0	2254941	0	0	0	0	6189812	0	0	0	32563744	0
FFQ	105	0	0	137	0	0	0	0	0	3770	0	0	0	1229694	0	0	0	0	0	0	0	0	0	1138126	0	0	0	0	1105257	0	0	0	0	2208785	0	0	0	0	6317529	0	0	0	32402777	0
FFQ	106	0	0	0	0	0	0	0	0	3235	0	0	0	1231988	0	0	0	0	0	0	0	0	0	1146133	0	0	0	0	1156304	0	0	0	0	2186957	0	0	0	0	6376555	0	0	0	32210417	0
FFQ	107	0	0	267	0	0	0	0	0	4606	0	0	0	1260342	0	0	0	0	0	0	0	0	0	1161870	0	0	0	0	1185987	0	0	0	0	2191436	0	0	0	0	6464880	0	0	0	31944089	0
FFQ	108	0	0	29	0	0	0	0	0	8040	0	0	0	1299072	0	0	0	0	0	0	0	0	0	1179588	0	0	0	0	1220014	0	0	0	0	2208627	0	0	0	0	6525615	0	0	0	31672992	0
FFQ	109	0	0	15	0	0	0	0	0	3237	0	0	0	1320465	0	0	0	0	0	0	0	0	0	1185716	0	0	0	0	1251003	0	0	0	0	2203860	0	0	0	0	6632090	0	0	0	31414719	0
FFQ	110	0	0	42	0	0	0	0	0	7453	0	0	0	1301319	0	0	0	0	0	0	0	0	0	1170027	0	0	0	0	1280853	0	0	0	0	2182897	0	0	0	0	6665698	0	0	0	31296990	0
FFQ	111	0	0	26	0	0	0	0	0	3626	0	0	0	1330898	0	0	0	0	0	0	0	0	0	1152637	0	0	0	0	1320018	0	0	0	0	2146298	0	0	0	0	6768449	0	0	0	31073054	0
FFQ	112	0	0	357	0	0	0	0	0	7351	0	0	0	1342200	0	0	0	0	0	0	0	0	0	1150957	0	0	0	0	1353538	0	0	0	0	2150622	0	0	0	0	6826698	0	0	0	30849914	0
FFQ	113	0	0	766	0	0	0	0	0	6820	0	0	0	1389838	0	0	0	0	0	0	0	0	0	1137109	0	0	0	0	1368941	0	0	0	0	2161741	0	0	0	0	6914522	0	0	0	30582235	0
FFQ	114	0	0	1423	0	0	0	0	0	12560	0	0	0	1379970	0	0	0	0	0	0	0	0	0	1101511	0	0	0	0	1369505	0	0	0	0	2167349	0	0	0	0	6925166	0	0	0	30481936	0
FFQ	115	0	0	61	0	0	0	0	0	10818	0	0	0	1410528	0	0	0	0	0	0	0	0	0	1093655	0	0	0	0	1389963	0	0	0	0	2161408	0	0	0	0	6983321	0	0	0	30263223	0
FFQ	116	0	0	267	0	0	0	0	0	20805	0	0	0	1421344	0	0	0	0	0	0	0	0	0	1083678	0	0	0	0	1387043	0	0	0	0	2215962	0	0	0	0	7038848	0	0	0	30013134	0
FFQ	117	0	0	183	0	0	0	0	0	36983	0	0	0	1447183	0	0	0	0	0	0	0	0	0	1059485	0	0	0	0	1378090	0	0	0	0	2283612	0	0	0	0	7059859	0	0	0	29780320	0
FFQ	118	0	0	120	0	0	0	0	0	49020	0	0	0	1424512	0	0	0	0	0	0	0	0	0	1041127	0	0	0	0	1377880	0	0	0	0	2336326	0	0	0	0	7026979	0	0	0	29653471	0
FFQ	119	0	0	0	0	0	0	0	0	70290	0	0	0	1404225	0	0	0	0	0	0	0	0	0	1019043	0	0	0	0	1354840	0	0	0	0	2401683	0	0	0	0	6980321	0	0	0	29540609	0
FFQ	120	0	0	35	0	0	0	0	0	67381	0	0	0	1489922	0	0	0	0	0	0	0	0	0	1058058	0	0	0	0	1409927	0	0	0	0	2445655	0	0	0	0	7119021	0	0	0	29036777	0
FFQ	121	0	0	0	0	0	0	0	0	111532	0	0	0	1429875	0	0	0	0	0	0	0	0	0	1036555	0	0	0	0	1375029	0	0	0	0	2627978	0	0	0	0	6993999	0	0	0	28906327	0
FFQ	122	0	0	112	0	0	0	0	0	110890	0	0	0	1443471	0	0	0	0	0	0	0	0	0	1030500	0	0	0	0	1393968	0	0	0	0	2632787	0	0	0	0	7031375	0	0	0	28691143	0
FFQ	123	0	0	0	0	0	0	0	0	152026	0	0	0	1405244	0	0	0	0	0	0	0	0	0	1039054	0	0	0	0	1375125	0	0	0	0	2775193	0	0	0	0	6925854	0	0	0	28513439	0
FFQ	124	0	0	540	0	0	0	0	0	186661	0	0	0	1365018	0	0	0	0	0	0	0	0	0	1050866	0	0	0	0	1380984	0	0	0	0	2915241	0	0	0	0	6749244	0	0	0	28387907	0
FFQ	125	0	0	9	0	0	0	0	0	200882	0	0	0	1378698	0	0	0	0	0	0	0	0	0	1062549	0	0	0	0	1391880	0	0	0	0	2985948	0	0	0	0	6768617	0	0	0	28097345	0
FFQ	126	0	0	752	0	0	0	0	0	216938	0	0	0	1342446	0	0	0	0	0	0	0	0	0	1062911	0	0	0	0	1373140	0	0	0	0	3071824	0	0	0	0	6744344	0	0	0	27923228	0
FFQ	127	0	0	231	0	0	0	0	0	238198	0	0	0	1341743	0	0	0	0	0	0	0	0	0	1099997	0	0	0	0	1445049	0	0	0	0	3169190	0	0	0	0	6621412	0	0	0	27668216	0
FFQ	128	0	0	271	0	0	0	0	0	274434	0	0	0	1286771	0	0	0	0	0	0	0	0	0	1112069	0	0	0	0	1456418	0	0	0	0	3298120	0	0	0	0	6435460	0	0	0	27569625	0
FFQ	129	0	0	2555	0	0	0	0	0	285504	0	0	0	1262214	0	0	0	0	0	0	0	0	0	1120997	0	0	0	0	1481063	0	0	0	0	3381314	0	0	0	0	6340037	0	0	0	27407613	0
FFQ	130	0	0	0	0	0	0	0	0	312858	0	0	0	1237400	0	0	0	0	0	0	0	0	0	1139556	0	0	0	0	1484642	0	0	0	0	3514139	0	0	0	0	6285703	0	0	0	27151060	0
FFQ	131	0	0	118	0	0	0	0	0	330919	0	0	0	1219831	0	0	0	0	0	0	0	0	0	1153870	0	0	0	0	1515197	0	0	0	0	3589580	0	0	0	0	6135790	0	0	0	27022874	0
FFQ	132	0	0	603	0	0	0	0	0	332928	0	0	0	1224699	0	0	0	0	0	0	0	0	0	1193019	0	0	0	0	1630349	0	0	0	0	3622126	0	0	0	0	5947519	0	0	0	26847608	0
FFQ	133	0	0	4417	0	0	0	0	0	319947	0	0	0	1214264	0	0	0	0	0	0	0	0	0	1226546	0	0	0	0	1717810	0	0	0	0	3629057	0	0	0	0	5861913	0	0	0	26593846	0
FFQ	134	0	0	0	0	0	0	0	0	218520	0	0	0	883700	0	0	0	0	0	0	0	0	0	1259367	0	0	0	0	1741959	0	0	0	0	3693598	0	0	0	0	5929330	0	0	0	26262876	0
FFQ	135	0	0	0	0	0	0	0	0	0	0	0	0	0	0	0	0	0	0	0	0	0	0	2337665	0	0	0	0	2984310	0	0	0	0	5633016	0	0	0	0	7480395	0	0	0	18174479	0
# Last Fragment Qualities. Use `grep ^LFQ | cut -f 2-` to extract this part.
# Columns correspond to qualities and rows to cycles. First column is the cycle number.
LFQ	1	0	0	0	0	0	0	0	0	0	0	0	0	752388	0	0	0	0	0	0	0	0	0	541405	0	0	0	0	888407	0	0	0	0	1127762	0	0	0	0	4271719	0	0	0	41814552	0
LFQ	2	0	0	783	0	0	0	0	0	0	0	0	0	778266	0	0	0	0	0	0	0	0	0	560570	0	0	0	0	923599	0	0	0	0	1172013	0	0	0	0	4394900	0	0	0	41566102	0
LFQ	3	0	0	170	0	0	0	0	0	0	0	0	0	811527	0	0	0	0	0	0	0	0	0	569066	0	0	0	0	934451	0	0	0	0	1180253	0	0	0	0	4395659	0	0	0	41505107	0
LFQ	4	0	0	1652	0	0	0	0	0	0	0	0	0	829883	0	0	0	0	0	0	0	0	0	601714	0	0	0	0	1016610	0	0	0	0	1248649	0	0	0	0	4608797	0	0	0	41088928	0
LFQ	5	0	0	155	0	0	0	0	0	0	0	0	0	764590	0	0	0	0	0	0	0	0	0	574792	0	0	0	0	960520	0	0	0	0	1215868	0	0	0	0	4566954	0	0	0	41313354	0
LFQ	6	0	0	289	0	0	0	0	0	0	0	0	0	802003	0	0	0	0	0	0	0	0	0	587015	0	0	0	0	980383	0	0	0	0	1245841	0	0	0	0	4617591	0	0	0	41163111	0
LFQ	7	0	0	274	0	0	0	0	0	0	0	0	0	813785	0	0	0	0	0	0	0	0	0	591967	0	0	0	0	986009	0	0	0	0	1257321	0	0	0	0	4656210	0	0	0	41090667	0
LFQ	8	0	0	229	0	0	0	0	0	0	0	0	0	875325	0	0	0	0	0	0	0	0	0	607816	0	0	0	0	1020190	0	0	0	0	1284593	0	0	0	0	4733888	0	0	0	40874192	0
LFQ	9	0	0	716	0	0	0	0	0	0	0	0	0	849066	0	0	0	0	0	0	0	0	0	605779	0	0	0	0	1011951	0	0	0	0	1281294	0	0	0	0	4732583	0	0	0	40914844	0
LFQ	10	0	0	1205	0	0	0	0	0	0	0	0	0	874788	0	0	0	0	0	0	0	0	0	622889	0	0	0	0	1038210	0	0	0	0	1312899	0	0	0	0	4804214	0	0	0	40742028	0
LFQ	11	0	0	302	0	0	0	0	0	0	0	0	0	931274	0	0	0	0	0	0	0	0	0	641000	0	0	0	0	1044882	0	0	0	0	1314291	0	0	0	0	4760667	0	0	0	40703817	0
LFQ	12	0	0	0	0	0	0	0	0	0	0	0	0	884323	0	0	0	0	0	0	0	0	0	650055	0	0	0	0	1061314	0	0	0	0	1327714	0	0	0	0	4813714	0	0	0	40659113	0
LFQ	13	0	0	154	0	0	0	0	0	0	0	0	0	924997	0	0	0	0	0	0	0	0	0	666819	0	0	0	0	1072592	0	0	0	0	1362153	0	0	0	0	4871274	0	0	0	40498244	0
LFQ	14	0	0	512620	0	0	0	0	0	0	0	0	0	993961	0	0	0	0	0	0	0	0	0	686296	0	0	0	0	1102706	0	0	0	0	1394746	0	0	0	0	4953145	0	0	0	39752759	0
LFQ	15	0	0	395	0	0	0	0	0	0	0	0	0	1004837	0	0	0	0	0	0	0	0	0	705487	0	0	0	0	1132433	0	0	0	0	1438500	0	0	0	0	5054668	0	0	0	40059913	0
LFQ	16	0	0	1	0	0	0	0	0	0	0	0	0	1010783	0	0	0	0	0	0	0	0	0	701541	0	0	0	0	1137966	0	0	0	0	1430771	0	0	0	0	5061560	0	0	0	40053611	0
LFQ	17	0	0	176	0	0	0	0	0	0	0	0	0	1004373	0	0	0	0	0	0	0	0	0	709579	0	0	0	0	1144227	0	0	0	0	1436808	0	0	0	0	5082175	0	0	0	40018895	0
LFQ	18	0	0	122	0	0	0	0	0	0	0	0	0	1032108	0	0	0	0	0	0	0	0	0	712615	0	0	0	0	1154941	0	0	0	0	1446235	0	0	0	0	5066289	0	0	0	39983923	0
LFQ	19	0	0	980	0	0	0	0	0	0	0	0	0	1092235	0	0	0	0	0	0	0	0	0	743007	0	0	0	0	1197646	0	0	0	0	1478438	0	0	0	0	5168790	0	0	0	39715137	0
LFQ	20	0	0	148	0	0	0	0	0	0	0	0	0	1180188	0	0	0	0	0	0	0	0	0	777705	0	0	0	0	1239111	0	0	0	0	1525950	0	0	0	0	5291430	0	0	0	39381701	0
LFQ	21	0	0	163	0	0	0	0	0	0	0	0	0	1185155	0	0	0	0	0	0	0	0	0	795947	0	0	0	0	1252963	0	0	0	0	1541683	0	0	0	0	5322178	0	0	0	39298144	0
LFQ	22	0	0	1843	0	0	0	0	0	0	0	0	0	1201697	0	0	0	0	0	0	0	0	0	810962	0	0	0	0	1279231	0	0	0	0	1570769	0	0	0	0	5381708	0	0	0	39150023	0
LFQ	23	0	0	291	0	0	0	0	0	0	0	0	0	1240303	0	0	0	0	0	0	0	0	0	838933	0	0	0	0	1304648	0	0	0	0	1599811	0	0	0	0	5380491	0	0	0	39031756	0
LFQ	24	0	0	454	0	0	0	0	0	0	0	0	0	1259080	0	0	0	0	0	0	0	0	0	851545	0	0	0	0	1319002	0	0	0	0	1624403	0	0	0	0	5386712	0	0	0	38955037	0
LFQ	25	0	0	28	0	0	0	0	0	0	0	0	0	1331083	0	0	0	0	0	0	0	0	0	889934	0	0	0	0	1360467	0	0	0	0	1690661	0	0	0	0	5474021	0	0	0	38650039	0
LFQ	26	0	0	1510	0	0	0	0	0	0	0	0	0	1350685	0	0	0	0	0	0	0	0	0	899562	0	0	0	0	1381157	0	0	0	0	1733732	0	0	0	0	5520323	0	0	0	38509264	0
LFQ	27	0	0	259	0	0	0	0	0	0	0	0	0	1464524	0	0	0	0	0	0	0	0	0	924431	0	0	0	0	1408709	0	0	0	0	1810253	0	0	0	0	5525289	0	0	0	38262768	0
LFQ	28	0	0	20	0	0	0	0	0	0	0	0	0	1493993	0	0	0	0	0	0	0	0	0	947278	0	0	0	0	1457084	0	0	0	0	1902586	0	0	0	0	5525013	0	0	0	38070259	0
LFQ	29	0	0	689	0	0	0	0	0	0	0	0	0	1475258	0	0	0	0	0	0	0	0	0	964998	0	0	0	0	1477592	0	0	0	0	1959062	0	0	0	0	5524129	0	0	0	37994505	0
LFQ	30	0	0	40	0	0	0	0	0	0	0	0	0	1616134	0	0	0	0	0	0	0	0	0	991207	0	0	0	0	1487260	0	0	0	0	2009705	0	0	0	0	5478250	0	0	0	37813637	0
LFQ	31	0	0	0	0	0	0	0	0	0	0	0	0	1574636	0	0	0	0	0	0	0	0	0	1023988	0	0	0	0	1549790	0	0	0	0	2049145	0	0	0	0	5558949	0	0	0	37639725	0
LFQ	32	0	0	69	0	0	0	0	0	0	0	0	0	1645332	0	0	0	0	0	0	0	0	0	1039654	0	0	0	0	1547516	0	0	0	0	2121968	0	0	0	0	5656664	0	0	0	37385030	0
LFQ	33	0	0	559	0	0	0	0	0	0	0	0	0	1696567	0	0	0	0	0	0	0	0	0	1067954	0	0	0	0	1561228	0	0	0	0	2157785	0	0	0	0	5643164	0	0	0	37268976	0
LFQ	34	0	0	109	0	0	0	0	0	0	0	0	0	1747139	0	0	0	0	0	0	0	0	0	1100411	0	0	0	0	1606122	0	0	0	0	2217195	0	0	0	0	5730581	0	0	0	36994676	0
LFQ	35	0	0	45	0	0	0	0	0	0	0	0	0	1786908	0	0	0	0	0	0	0	0	0	1129371	0	0	0	0	1616157	0	0	0	0	2227265	0	0	0	0	5708747	0	0	0	36927740	0
LFQ	36	0	0	0	0	0	0	0	0	0	0	0	0	1812611	0	0	0	0	0	0	0	0	0	1153428	0	0	0	0	1641383	0	0	0	0	2257405	0	0	0	0	5733207	0	0	0	36798199	0
LFQ	37	0	0	449	0	0	0	0	0	0	0	0	0	1914051	0	0	0	0	0	0	0	0	0	1186669	0	0	0	0	1668275	0	0	0	0	2305871	0	0	0	0	5759676	0	0	0	36561242	0
LFQ	38	0	0	204	0	0	0	0	0	0	0	0	0	2023984	0	0	0	0	0	0	0	0	0	1235715	0	0	0	0	1754773	0	0	0	0	2435415	0	0	0	0	5809360	0	0	0	36136782	0
LFQ	39	0	0	289	0	0	0	0	0	0	0	0	0	2106964	0	0	0	0	0	0	0	0	0	1240384	0	0	0	0	1733926	0	0	0	0	2531133	0	0	0	0	5726383	0	0	0	36057154	0
LFQ	40	0	0	0	0	0	0	0	0	0	0	0	0	2075914	0	0	0	0	0	0	0	0	0	1325219	0	0	0	0	1759026	0	0	0	0	2577968	0	0	0	0	5755292	0	0	0	35902814	0
LFQ	41	0	0	195	0	0	0	0	0	0	0	0	0	2051719	0	0	0	0	0	0	0	0	0	1325793	0	0	0	0	1741059	0	0	0	0	2643482	0	0	0	0	5668064	0	0	0	35760176	0
LFQ	42	0	0	54	0	0	0	0	0	0	0	0	0	2028381	0	0	0	0	0	0	0	0	0	1321768	0	0	0	0	1736138	0	0	0	0	2669261	0	0	0	0	5635090	0	0	0	35591410	0
LFQ	43	0	0	293	0	0	0	0	0	0	0	0	0	2085381	0	0	0	0	0	0	0	0	0	1329559	0	0	0	0	1742157	0	0	0	0	2690797	0	0	0	0	5587498	0	0	0	35337387	0
LFQ	44	0	0	3	0	0	0	0	0	0	0	0	0	2135343	0	0	0	0	0	0	0	0	0	1357742	0	0	0	0	1757918	0	0	0	0	2723765	0	0	0	0	5620457	0	0	0	34971381	0
LFQ	45	0	0	197	0	0	0	0	0	0	0	0	0	2266368	0	0	0	0	0	0	0	0	0	1427819	0	0	0	0	1766904	0	0	0	0	2734294	0	0	0	0	5625745	0	0	0	34543541	0
LFQ	46	0	0	57	0	0	0	0	0	0	0	0	0	2016067	0	0	0	0	0	0	0	0	0	1387178	0	0	0	0	1797049	0	0	0	0	2750663	0	0	0	0	5706974	0	0	0	34501870	0
LFQ	47	0	0	115	0	0	0	0	0	0	0	0	0	2036762	0	0	0	0	0	0	0	0	0	1375601	0	0	0	0	1709056	0	0	0	0	2725417	0	0	0	0	5679794	0	0	0	34425934	0
LFQ	48	0	0	0	0	0	0	0	0	0	0	0	0	1980525	0	0	0	0	0	0	0	0	0	1377792	0	0	0	0	1653632	0	0	0	0	2700737	0	0	0	0	5605123	0	0	0	34429536	0
LFQ	49	0	0	1676	0	0	0	0	0	0	0	0	0	2057384	0	0	0	0	0	0	0	0	0	1425257	0	0	0	0	1600513	0	0	0	0	2669593	0	0	0	0	5595451	0	0	0	34190937	0
LFQ	50	0	0	0	0	0	0	0	0	0	0	0	0	2067121	0	0	0	0	0	0	0	0	0	1480348	0	0	0	0	1600724	0	0	0	0	2694892	0	0	0	0	5615575	0	0	0	33876302	0
LFQ	51	0	0	1963	0	0	0	0	0	0	0	0	0	1991840	0	0	0	0	0	0	0	0	0	1482171	0	0	0	0	1579342	0	0	0	0	2707499	0	0	0	0	5651875	0	0	0	33716846	0
LFQ	52	0	0	0	0	0	0	0	0	0	0	0	0	1972478	0	0	0	0	0	0	0	0	0	1519473	0	0	0	0	1498607	0	0	0	0	2704083	0	0	0	0	5689171	0	0	0	33544349	0
LFQ	53	0	0	131	0	0	0	0	0	0	0	0	0	1948420	0	0	0	0	0	0	0	0	0	1526318	0	0	0	0	1462058	0	0	0	0	2679346	0	0	0	0	5639749	0	0	0	33465023	0
LFQ	54	0	0	2185	0	0	0	0	0	0	0	0	0	1921679	0	0	0	0	0	0	0	0	0	1565998	0	0	0	0	1385888	0	0	0	0	2651209	0	0	0	0	5591485	0	0	0	33396094	0
LFQ	55	0	0	42	0	0	0	0	0	0	0	0	0	1937829	0	0	0	0	0	0	0	0	0	1589484	0	0	0	0	1388067	0	0	0	0	2654372	0	0	0	0	5593434	0	0	0	33146113	0
LFQ	56	0	0	1767	0	0	0	0	0	0	0	0	0	2155974	0	0	0	0	0	0	0	0	0	1637381	0	0	0	0	1420557	0	0	0	0	2682700	0	0	0	0	5613282	0	0	0	32595239	0
LFQ	57	0	0	62	0	0	0	0	0	0	0	0	0	1857233	0	0	0	0	0	0	0	0	0	1634720	0	0	0	0	1387937	0	0	0	0	2691822	0	0	0	0	5628855	0	0	0	32703162	0
LFQ	58	0	0	38	0	0	0	0	0	0	0	0	0	1859105	0	0	0	0	0	0	0	0	0	1580158	0	0	0	0	1363310	0	0	0	0	2667777	0	0	0	0	5669764	0	0	0	32561430	0
LFQ	59	0	0	455	0	0	0	0	0	0	0	0	0	1921105	0	0	0	0	0	0	0	0	0	1564804	0	0	0	0	1382290	0	0	0	0	2656436	0	0	0	0	5651264	0	0	0	32336194	0
LFQ	60	0	0	394	0	0	0	0	0	0	0	0	0	1818025	0	0	0	0	0	0	0	0	0	2593056	0	0	0	0	1759503	0	0	0	0	4614021	0	0	0	0	9469194	0	0	0	25083215	0
LFQ	61	0	0	70	0	0	0	0	0	0	0	0	0	1748850	0	0	0	0	0	0	0	0	0	1822889	0	0	0	0	1400592	0	0	0	0	3404583	0	0	0	0	7143745	0	0	0	29619457	0
LFQ	62	0	0	9	0	0	0	0	0	0	0	0	0	1695115	0	0	0	0	0	0	0	0	0	1555125	0	0	0	0	1303054	0	0	0	0	2817817	0	0	0	0	6029083	0	0	0	31558231	0
LFQ	63	0	0	308	0	0	0	0	0	0	0	0	0	1661723	0	0	0	0	0	0	0	0	0	1433026	0	0	0	0	1233363	0	0	0	0	2556485	0	0	0	0	5551370	0	0	0	32355274	0
LFQ	64	0	0	390	0	0	0	0	0	0	0	0	0	1670665	0	0	0	0	0	0	0	0	0	1411086	0	0	0	0	1211105	0	0	0	0	2454907	0	0	0	0	5338086	0	0	0	32542760	0
LFQ	65	0	0	0	0	0	0	0	0	0	0	0	0	1665984	0	0	0	0	0	0	0	0	0	1418083	0	0	0	0	1216802	0	0	0	0	2418246	0	0	0	0	5223892	0	0	0	32521415	0
LFQ	66	0	0	826	0	0	0	0	0	0	0	0	0	1540418	0	0	0	0	0	0	0	0	0	1371827	0	0	0	0	1197845	0	0	0	0	2380668	0	0	0	0	5137011	0	0	0	32678065	0
LFQ	67	0	0	576	0	0	0	0	0	0	0	0	0	1580665	0	0	0	0	0	0	0	0	0	1345603	0	0	0	0	1185057	0	0	0	0	2356517	0	0	0	0	5139563	0	0	0	32539357	0
LFQ	68	0	0	721	0	0	0	0	0	0	0	0	0	1631118	0	0	0	0	0	0	0	0	0	1357818	0	0	0	0	1195196	0	0	0	0	2368480	0	0	0	0	5112764	0	0	0	32323100	0
LFQ	69	0	0	438	0	0	0	0	0	0	0	0	0	1667170	0	0	0	0	0	0	0	0	0	1369452	0	0	0	0	1212540	0	0	0	0	2399078	0	0	0	0	5161297	0	0	0	32030853	0
LFQ	70	0	0	504	0	0	0	0	0	0	0	0	0	1530628	0	0	0	0	0	0	0	0	0	1355263	0	0	0	0	1198559	0	0	0	0	2409010	0	0	0	0	5148553	0	0	0	32050062	0
LFQ	71	0	0	275	0	0	0	0	0	0	0	0	0	1545738	0	0	0	0	0	0	0	0	0	1308365	0	0	0	0	1173209	0	0	0	0	2401291	0	0	0	0	5106754	0	0	0	32009376	0
LFQ	72	0	0	0	0	0	0	0	0	0	0	0	0	1520798	0	0	0	0	0	0	0	0	0	1286383	0	0	0	0	1153927	0	0	0	0	2372384	0	0	0	0	4999785	0	0	0	32063970	0
LFQ	73	0	0	1855	0	0	0	0	0	0	0	0	0	1515995	0	0	0	0	0	0	0	0	0	1289364	0	0	0	0	1165862	0	0	0	0	2392682	0	0	0	0	5020792	0	0	0	31862152	0
LFQ	74	0	0	0	0	0	0	0	0	0	0	0	0	1596107	0	0	0	0	0	0	0	0	0	1310432	0	0	0	0	1183985	0	0	0	0	2420075	0	0	0	0	5001146	0	0	0	31588059	0
LFQ	75	0	0	301	0	0	0	0	0	0	0	0	0	1622290	0	0	0	0	0	0	0	0	0	1331956	0	0	0	0	1179859	0	0	0	0	2429562	0	0	0	0	5059274	0	0	0	31336068	0
LFQ	76	0	0	105	0	0	0	0	0	0	0	0	0	1607114	0	0	0	0	0	0	0	0	0	1354523	0	0	0	0	1208922	0	0	0	0	2464176	0	0	0	0	5092742	0	0	0	31089101	0
LFQ	77	0	0	580	0	0	0	0	0	0	0	0	0	1551253	0	0	0	0	0	0	0	0	0	1364149	0	0	0	0	1231640	0	0	0	0	2509640	0	0	0	0	5177275	0	0	0	30840399	0
LFQ	78	0	0	957	0	0	0	0	0	0	0	0	0	1511205	0	0	0	0	0	0	0	0	0	1323295	0	0	0	0	1196876	0	0	0	0	2491041	0	0	0	0	5145986	0	0	0	30862404	0
LFQ	79	0	0	672	0	0	0	0	0	0	0	0	0	1570757	0	0	0	0	0	0	0	0	0	1312204	0	0	0	0	1188978	0	0	0	0	2447839	0	0	0	0	5128323	0	0	0	30740894	0
LFQ	80	0	0	1348	0	0	0	0	0	0	0	0	0	1583513	0	0	0	0	0	0	0	0	0	1338424	0	0	0	0	1217990	0	0	0	0	2436574	0	0	0	0	5163096	0	0	0	30508898	0
LFQ	81	0	0	203	0	0	0	0	0	0	0	0	0	1495591	0	0	0	0	0	0	0	0	0	1314741	0	0	0	0	1196958	0	0	0	0	2456122	0	0	0	0	5204364	0	0	0	30448836	0
LFQ	82	0	0	2177	0	0	0	0	0	0	0	0	0	1510438	0	0	0	0	0	0	0	0	0	1298095	0	0	0	0	1205927	0	0	0	0	2465841	0	0	0	0	5275739	0	0	0	30219740	0
LFQ	83	0	0	373	0	0	0	0	0	0	0	0	0	1505172	0	0	0	0	0	0	0	0	0	1293518	0	0	0	0	1198366	0	0	0	0	2449391	0	0	0	0	5381264	0	0	0	30013585	0
LFQ	84	0	0	75	0	0	0	0	0	0	0	0	0	1496948	0	0	0	0	0	0	0	0	0	1301322	0	0	0	0	1177991	0	0	0	0	2411053	0	0	0	0	5547776	0	0	0	29767794	0
LFQ	85	0	0	34	0	0	0	0	0	0	0	0	0	1521285	0	0	0	0	0	0	0	0	0	1326752	0	0	0	0	1205909	0	0	0	0	2459277	0	0	0	0	5679226	0	0	0	29372472	0
LFQ	86	0	0	8	0	0	0	0	0	0	0	0	0	1539403	0	0	0	0	0	0	0	0	0	1333814	0	0	0	0	1182132	0	0	0	0	2437938	0	0	0	0	5928163	0	0	0	29001953	0
LFQ	87	0	0	172	0	0	0	0	0	0	0	0	0	1511545	0	0	0	0	0	0	0	0	0	1365308	0	0	0	0	1195427	0	0	0	0	2468830	0	0	0	0	6032989	0	0	0	28711980	0
LFQ	88	0	0	8	0	0	0	0	0	4002	0	0	0	1620346	0	0	0	0	0	0	0	0	0	1401917	0	0	0	0	1195330	0	0	0	0	2482466	0	0	0	0	6168783	0	0	0	28268672	0
LFQ	89	0	0	8	0	0	0	0	0	3757	0	0	0	1532645	0	0	0	0	0	0	0	0	0	1440405	0	0	0	0	1180268	0	0	0	0	2512961	0	0	0	0	6396971	0	0	0	27934226	0
LFQ	90	0	0	0	0	0	0	0	0	3337	0	0	0	1544346	0	0	0	0	0	0	0	0	0	1401557	0	0	0	0	1214736	0	0	0	0	2480386	0	0	0	0	6393984	0	0	0	27817637	0
LFQ	91	0	0	609	0	0	0	0	0	3456	0	0	0	1509377	0	0	0	0	0	0	0	0	0	1420656	0	0	0	0	1215210	0	0	0	0	2497233	0	0	0	0	6500849	0	0	0	27566496	0
LFQ	92	0	0	37	0	0	0	0	0	0	0	0	0	1577817	0	0	0	0	0	0	0	0	0	1396016	0	0	0	0	1254938	0	0	0	0	2447925	0	0	0	0	6530309	0	0	0	27358222	0
LFQ	93	0	0	167	0	0	0	0	0	9439	0	0	0	1516078	0	0	0	0	0	0	0	0	0	1391591	0	0	0	0	1287823	0	0	0	0	2466259	0	0	0	0	6639475	0	0	0	27115280	0
LFQ	94	0	0	553	0	0	0	0	0	6933	0	0	0	1504585	0	0	0	0	0	0	0	0	0	1361293	0	0	0	0	1322149	0	0	0	0	2394882	0	0	0	0	6687240	0	0	0	27000799	0
LFQ	95	0	0	53	0	0	0	0	0	6284	0	0	0	1549277	0	0	0	0	0	0	0	0	0	1360544	0	0	0	0	1377216	0	0	0	0	2346619	0	0	0	0	6738237	0	0	0	26750226	0
LFQ	96	0	0	75	0	0	0	0	0	9009	0	0	0	1693764	0	0	0	0	0	0	0	0	0	1394616	0	0	0	0	1377913	0	0	0	0	2351381	0	0	0	0	6664280	0	0	0	26487553	0
LFQ	97	0	0	0	0	0	0	0	0	6520	0	0	0	1493386	0	0	0	0	0	0	0	0	0	1420223	0	0	0	0	1402785	0	0	0	0	2334934	0	0	0	0	6808674	0	0	0	26361147	0
LFQ	98	0	0	40	0	0	0	0	0	13016	0	0	0	1561060	0	0	0	0	0	0	0	0	0	1309387	0	0	0	0	1444458	0	0	0	0	2278298	0	0	0	0	6826198	0	0	0	26229352	0
LFQ	99	0	0	1233	0	0	0	0	0	26572	0	0	0	1592575	0	0	0	0	0	0	0	0	0	1324616	0	0	0	0	1447386	0	0	0	0	2336750	0	0	0	0	6798355	0	0	0	25973403	0
LFQ	100	0	0	0	0	0	0	0	0	20321	0	0	0	1554195	0	0	0	0	0	0	0	0	0	1310730	0	0	0	0	1464684	0	0	0	0	2306872	0	0	0	0	6894041	0	0	0	25784067	0
LFQ	101	0	0	11	0	0	0	0	0	33572	0	0	0	1495541	0	0	0	0	0	0	0	0	0	1213332	0	0	0	0	1433025	0	0	0	0	2365257	0	0	0	0	6939592	0	0	0	25684738	0
LFQ	102	0	0	392	0	0	0	0	0	19380	0	0	0	1547869	0	0	0	0	0	0	0	0	0	1151384	0	0	0	0	1442300	0	0	0	0	2293220	0	0	0	0	6979890	0	0	0	25554917	0
LFQ	103	0	0	41	0	0	0	0	0	38568	0	0	0	1554340	0	0	0	0	0	0	0	0	0	1140074	0	0	0	0	1437867	0	0	0	0	2363639	0	0	0	0	6973856	0	0	0	25305999	0
LFQ	104	0	0	12	0	0	0	0	0	35716	0	0	0	1649694	0	0	0	0	0	0	0	0	0	1150525	0	0	0	0	1472632	0	0	0	0	2377546	0	0	0	0	7019784	0	0	0	24929166	0
LFQ	105	0	0	1896	0	0	0	0	0	33127	0	0	0	1668643	0	0	0	0	0	0	0	0	0	1181938	0	0	0	0	1472367	0	0	0	0	2419895	0	0	0	0	7069509	0	0	0	24613767	0
LFQ	106	0	0	0	0	0	0	0	0	48910	0	0	0	1593488	0	0	0	0	0	0	0	0	0	1177296	0	0	0	0	1457870	0	0	0	0	2478569	0	0	0	0	7099067	0	0	0	24420772	0
LFQ	107	0	0	297	0	0	0	0	0	104141	0	0	0	1520847	0	0	0	0	0	0	0	0	0	1085122	0	0	0	0	1411728	0	0	0	0	2659410	0	0	0	0	6905082	0	0	0	24407576	0
LFQ	108	0	0	0	0	0	0	0	0	155278	0	0	0	1453704	0	0	0	0	0	0	0	0	0	1087209	0	0	0	0	1390041	0	0	0	0	2814001	0	0	0	0	6673046	0	0	0	24340582	0
LFQ	109	0	0	123	0	0	0	0	0	164335	0	0	0	1455249	0	0	0	0	0	0	0	0	0	1102994	0	0	0	0	1405182	0	0	0	0	2874677	0	0	0	0	6693511	0	0	0	24036961	0
LFQ	110	0	0	0	0	0	0	0	0	207190	0	0	0	1458753	0	0	0	0	0	0	0	0	0	1122997	0	0	0	0	1409745	0	0	0	0	3018055	0	0	0	0	6567021	0	0	0	23764761	0
LFQ	111	0	0	228	0	0	0	0	0	177992	0	0	0	1448527	0	0	0	0	0	0	0	0	0	1135843	0	0	0	0	1445412	0	0	0	0	2952849	0	0	0	0	6672171	0	0	0	23540460	0
LFQ	112	0	0	0	0	0	0	0	0	217229	0	0	0	1451566	0	0	0	0	0	0	0	0	0	1141057	0	0	0	0	1432903	0	0	0	0	3095987	0	0	0	0	6600630	0	0	0	23252459	0
LFQ	113	0	0	1228	0	0	0	0	0	231512	0	0	0	1372395	0	0	0	0	0	0	0	0	0	1149802	0	0	0	0	1425134	0	0	0	0	3215817	0	0	0	0	6517894	0	0	0	23103350	0
LFQ	114	0	0	217	0	0	0	0	0	245136	0	0	0	1428874	0	0	0	0	0	0	0	0	0	1167546	0	0	0	0	1435706	0	0	0	0	3246555	0	0	0	0	6509294	0	0	0	22805344	0
LFQ	115	0	0	354	0	0	0	0	0	265159	0	0	0	1344644	0	0	0	0	0	0	0	0	0	1186702	0	0	0	0	1429784	0	0	0	0	3359375	0	0	0	0	6365605	0	0	0	22712023	0
LFQ	116	0	0	469	0	0	0	0	0	310455	0	0	0	1323805	0	0	0	0	0	0	0	0	0	1188215	0	0	0	0	1431582	0	0	0	0	3511716	0	0	0	0	6164899	0	0	0	22552343	0
LFQ	117	0	0	1194	0	0	0	0	0	312378	0	0	0	1273600	0	0	0	0	0	0	0	0	0	1205100	0	0	0	0	1499648	0	0	0	0	3578129	0	0	0	0	6029151	0	0	0	22410212	0
LFQ	118	0	0	1094	0	0	0	0	0	310080	0	0	0	1270414	0	0	0	0	0	0	0	0	0	1205038	0	0	0	0	1524675	0	0	0	0	3578017	0	0	0	0	6002613	0	0	0	22237692	0
LFQ	119	0	0	224	0	0	0	0	0	318907	0	0	0	1272801	0	0	0	0	0	0	0	0	0	1238233	0	0	0	0	1649824	0	0	0	0	3616682	0	0	0	0	5863254	0	0	0	21992810	0
LFQ	120	0	0	167	0	0	0	0	0	329705	0	0	0	1321648	0	0	0	0	0	0	0	0	0	1265724	0	0	0	0	1684293	0	0	0	0	3632313	0	0	0	0	5799739	0	0	0	21736023	0
LFQ	121	0	0	1505	0	0	0	0	0	317707	0	0	0	1284856	0	0	0	0	0	0	0	0	0	1304921	0	0	0	0	1749949	0	0	0	0	3658394	0	0	0	0	5739709	0	0	0	21529635	0
LFQ	122	0	0	6	0	0	0	0	0	325109	0	0	0	1314859	0	0	0	0	0	0	0	0	0	1326311	0	0	0	0	1863162	0	0	0	0	3662824	0	0	0	0	5717883	0	0	0	21185335	0
LFQ	123	0	0	305	0	0	0	0	0	315705	0	0	0	1472157	0	0	0	0	0	0	0	0	0	1383944	0	0	0	0	1921377	0	0	0	0	3644565	0	0	0	0	5568542	0	0	0	20901844	0
LFQ	124	0	0	7	0	0	0	0	0	309549	0	0	0	1320387	0	0	0	0	0	0	0	0	0	1533909	0	0	0	0	1937751	0	0	0	0	3666021	0	0	0	0	5491690	0	0	0	20764892	0
LFQ	125	0	0	234	0	0	0	0	0	295128	0	0	0	1300883	0	0	0	0	0	0	0	0	0	1416808	0	0	0	0	2052280	0	0	0	0	3701704	0	0	0	0	5529475	0	0	0	20535519	0
LFQ	126	0	0	34	0	0	0	0	0	301187	0	0	0	1603429	0	0	0	0	0	0	0	0	0	1485030	0	0	0	0	2071713	0	0	0	0	3690403	0	0	0	0	5646323	0	0	0	19833249	0
LFQ	127	0	0	273	0	0	0	0	0	312280	0	0	0	1398680	0	0	0	0	0	0	0	0	0	1554306	0	0	0	0	2066003	0	0	0	0	3820015	0	0	0	0	5611373	0	0	0	19679380	0
LFQ	128	0	0	336	0	0	0	0	0	314997	0	0	0	1390598	0	0	0	0	0	0	0	0	0	1464725	0	0	0	0	2167470	0	0	0	0	3816525	0	0	0	0	5574783	0	0	0	19517349	0
LFQ	129	0	0	324	0	0	0	0	0	305692	0	0	0	1488483	0	0	0	0	0	0	0	0	0	1451424	0	0	0	0	2194801	0	0	0	0	3708460	0	0	0	0	5622125	0	0	0	19285383	0
LFQ	130	0	0	18	0	0	0	0	0	297969	0	0	0	1356246	0	0	0	0	0	0	0	0	0	1508315	0	0	0	0	2264063	0	0	0	0	3645664	0	0	0	0	5616291	0	0	0	19183493	0
LFQ	131	0	0	0	0	0	0	0	0	294007	0	0	0	1338577	0	0	0	0	0	0	0	0	0	1465088	0	0	0	0	2303294	0	0	0	0	3642266	0	0	0	0	5670566	0	0	0	18970859	0
LFQ	132	0	0	74	0	0	0	0	0	297904	0	0	0	1357574	0	0	0	0	0	0	0	0	0	1451021	0	0	0	0	2310321	0	0	0	0	3645614	0	0	0	0	5685628	0	0	0	18738566	0
LFQ	133	0	0	0	0	0	0	0	0	275608	0	0	0	1268767	0	0	0	0	0	0	0	0	0	1451007	0	0	0	0	2344383	0	0	0	0	3568854	0	0	0	0	5767017	0	0	0	18554580	0
LFQ	134	0	0	376	0	0	0	0	0	193522	0	0	0	948827	0	0	0	0	0	0	0	0	0	1476449	0	0	0	0	2399890	0	0	0	0	3537796	0	0	0	0	5848988	0	0	0	18175228	0
LFQ	135	0	0	0	0	0	0	0	0	0	0	0	0	0	0	0	0	0	0	0	0	0	0	2840669	0	0	0	0	3869460	0	0	0	0	4743224	0	0	0	0	6100605	0	0	0	11144609	0
# GC Content of first fragments. Use `grep ^GCF | cut -f 2-` to extract this part.
GCF	0.25	192
GCF	0.75	124
GCF	1.26	132
GCF	1.76	116
GCF	2.26	139
GCF	2.76	156
GCF	3.27	171
GCF	3.77	205
GCF	4.27	227
GCF	4.77	248
GCF	5.28	280
GCF	5.78	315
GCF	6.28	336
GCF	6.78	424
GCF	7.29	489
GCF	7.79	491
GCF	8.29	587
GCF	8.79	666
GCF	9.30	691
GCF	9.80	781
GCF	10.30	898
GCF	10.80	903
GCF	11.31	990
GCF	11.81	1120
GCF	12.31	1185
GCF	12.81	1263
GCF	13.32	1431
GCF	13.82	1533
GCF	14.32	1717
GCF	14.82	1999
GCF	15.33	2327
GCF	15.83	2509
GCF	16.33	3004
GCF	16.83	3605
GCF	17.34	4001
GCF	17.84	5037
GCF	18.34	6463
GCF	18.84	7069
GCF	19.35	9737
GCF	19.85	12700
GCF	20.35	13772
GCF	20.85	18701
GCF	21.36	25051
GCF	21.86	27026
GCF	22.36	36557
GCF	22.86	49088
GCF	23.37	52381
GCF	23.87	69722
GCF	24.37	90381
GCF	24.87	95003
GCF	25.38	124138
GCF	25.88	156956
GCF	26.38	160630
GCF	26.88	202771
GCF	27.39	253551
GCF	27.89	257705
GCF	28.39	319683
GCF	28.89	389491
GCF	29.40	466425
GCF	29.90	476767
GCF	30.40	563870
GCF	30.90	653368
GCF	31.41	664216
GCF	31.91	760503
GCF	32.41	853399
GCF	32.91	863447
GCF	33.42	958102
GCF	33.92	1044580
GCF	34.42	1052541
GCF	34.92	1134691
GCF	35.43	1202834
GCF	35.93	1209178
GCF	36.43	1268143
GCF	36.93	1315626
GCF	37.44	1321418
GCF	37.94	1359067
GCF	38.44	1382341
GCF	38.94	1386593
GCF	39.45	1399248
GCF	39.95	1403540
GCF	40.45	1407784
GCF	40.95	1400541
GCF	41.46	1386268
GCF	41.96	1390950
GCF	42.46	1372670
GCF	42.96	1347296
GCF	43.47	1319115
GCF	43.97	1326966
GCF	44.47	1298146
GCF	44.97	1250465
GCF	45.48	1253275
GCF	45.98	1205304
GCF	46.48	1162357
GCF	46.98	1172664
GCF	47.49	1151870
GCF	47.99	1155221
GCF	48.49	1192654
GCF	48.99	1250514
GCF	49.50	1360609
GCF	50.00	1450678
GCF	50.50	1446251
GCF	51.01	1307125
GCF	51.51	1256240
GCF	52.01	1115156
GCF	52.51	1044031
GCF	53.02	1029215
GCF	53.52	986246
GCF	54.02	951139
GCF	54.52	950107
GCF	55.03	923120
GCF	55.53	899300
GCF	56.03	902643
GCF	56.53	876007
GCF	57.04	852373
GCF	57.54	823190
GCF	58.04	821596
GCF	58.54	795758
GCF	59.05	764874
GCF	59.55	758381
GCF	60.05	727070
GCF	60.55	683235
GCF	61.06	669610
GCF	61.56	626212
GCF	62.06	581422
GCF	62.56	564628
GCF	63.07	526997
GCF	63.57	487013
GCF	64.07	469222
GCF	64.57	435019
GCF	65.08	400770
GCF	65.58	386297
GCF	66.08	356559
GCF	66.58	327377
GCF	67.09	314218
GCF	67.59	289113
GCF	68.09	262894
GCF	68.59	251404
GCF	69.10	231497
GCF	69.60	211012
GCF	70.10	200331
GCF	70.60	182758
GCF	71.11	168117
GCF	71.61	153128
GCF	72.11	144352
GCF	72.61	131404
GCF	73.12	119193
GCF	73.62	112896
GCF	74.12	104197
GCF	74.62	95950
GCF	75.13	89137
GCF	75.63	80945
GCF	76.13	74517
GCF	76.63	69912
GCF	77.14	64186
GCF	77.64	58937
GCF	78.14	55128
GCF	78.64	50388
GCF	79.15	46466
GCF	79.65	43696
GCF	80.15	39750
GCF	80.65	36582
GCF	81.16	34114
GCF	81.66	31604
GCF	82.16	28866
GCF	82.66	27168
GCF	83.17	24655
GCF	83.67	22621
GCF	84.17	21330
GCF	84.67	19413
GCF	85.18	17429
GCF	85.68	15876
GCF	86.18	15149
GCF	86.68	13724
GCF	87.19	12564
GCF	87.69	11805
GCF	88.19	10841
GCF	88.69	10110
GCF	89.20	9866
GCF	89.70	9411
GCF	90.20	8800
GCF	90.70	8328
GCF	91.21	8126
GCF	91.71	7878
GCF	92.21	7535
GCF	92.71	6964
GCF	93.22	6725
GCF	93.72	6362
GCF	94.22	5969
GCF	94.72	5706
GCF	95.23	5366
GCF	95.73	4799
GCF	96.23	4501
GCF	96.73	4178
GCF	97.24	3864
GCF	97.74	3275
GCF	98.24	2872
GCF	98.74	2619
GCF	99.50	2338
# GC Content of last fragments. Use `grep ^GCL | cut -f 2-` to extract this part.
GCL	0.25	468
GCL	0.75	299
GCL	1.26	281
GCL	1.76	264
GCL	2.26	287
GCL	2.76	349
GCL	3.27	359
GCL	3.77	396
GCL	4.27	527
GCL	4.77	572
GCL	5.28	673
GCL	5.78	738
GCL	6.28	778
GCL	6.78	942
GCL	7.29	1154
GCL	7.79	1197
GCL	8.29	1311
GCL	8.79	1449
GCL	9.30	1527
GCL	9.80	1716
GCL	10.30	1878
GCL	10.80	2032
GCL	11.31	2247
GCL	11.81	2543
GCL	12.31	2733
GCL	12.81	3020
GCL	13.32	3445
GCL	13.82	3722
GCL	14.32	4211
GCL	14.82	4949
GCL	15.33	5833
GCL	15.83	6683
GCL	16.33	7779
GCL	16.83	9286
GCL	17.34	10827
GCL	17.84	13405
GCL	18.34	16313
GCL	18.84	18600
GCL	19.35	23029
GCL	19.85	28921
GCL	20.35	32308
GCL	20.85	39711
GCL	21.36	48837
GCL	21.86	53951
GCL	22.36	68249
GCL	22.86	83924
GCL	23.37	90171
GCL	23.87	111840
GCL	24.37	136035
GCL	24.87	144967
GCL	25.38	180333
GCL	25.88	219813
GCL	26.38	226831
GCL	26.88	276463
GCL	27.39	333849
GCL	27.89	342429
GCL	28.39	410754
GCL	28.89	485462
GCL	29.40	561812
GCL	29.90	579459
GCL	30.40	667674
GCL	30.90	753937
GCL	31.41	771352
GCL	31.91	860502
GCL	32.41	945014
GCL	32.91	962348
GCL	33.42	1047191
GCL	33.92	1122096
GCL	34.42	1135421
GCL	34.92	1205100
GCL	35.43	1260158
GCL	35.93	1273777
GCL	36.43	1320030
GCL	36.93	1352367
GCL	37.44	1364032
GCL	37.94	1394268
GCL	38.44	1407808
GCL	38.94	1417480
GCL	39.45	1420522
GCL	39.95	1417907
GCL	40.45	1424617
GCL	40.95	1413225
GCL	41.46	1398078
GCL	41.96	1404125
GCL	42.46	1380323
GCL	42.96	1356797
GCL	43.47	1327622
GCL	43.97	1340579
GCL	44.47	1317253
GCL	44.97	1290505
GCL	45.48	1303284
GCL	45.98	1271714
GCL	46.48	1240836
GCL	46.98	1258706
GCL	47.49	1240590
GCL	47.99	1229224
GCL	48.49	1255198
GCL	48.99	1309585
GCL	49.50	1383280
GCL	50.00	1599094
GCL	50.50	1676342
GCL	51.01	1562188
GCL	51.51	1449774
GCL	52.01	1320203
GCL	52.51	1232520
GCL	53.02	1188231
GCL	53.52	1131810
GCL	54.02	1088018
GCL	54.52	1074147
GCL	55.03	1037342
GCL	55.53	1011406
GCL	56.03	1010665
GCL	56.53	983225
GCL	57.04	962267
GCL	57.54	939748
GCL	58.04	933482
GCL	58.54	912237
GCL	59.05	886620
GCL	59.55	877093
GCL	60.05	851855
GCL	60.55	821242
GCL	61.06	806915
GCL	61.56	775280
GCL	62.06	737290
GCL	62.56	716958
GCL	63.07	682914
GCL	63.57	646172
GCL	64.07	621986
GCL	64.57	589456
GCL	65.08	555634
GCL	65.58	534363
GCL	66.08	499276
GCL	66.58	465187
GCL	67.09	447368
GCL	67.59	416865
GCL	68.09	382537
GCL	68.59	363116
GCL	69.10	336258
GCL	69.60	309608
GCL	70.10	290571
GCL	70.60	266128
GCL	71.11	248784
GCL	71.61	228310
GCL	72.11	213013
GCL	72.61	195665
GCL	73.12	179141
GCL	73.62	167473
GCL	74.12	155677
GCL	74.62	145047
GCL	75.13	133296
GCL	75.63	121398
GCL	76.13	112378
GCL	76.63	104605
GCL	77.14	96620
GCL	77.64	88609
GCL	78.14	82100
GCL	78.64	75744
GCL	79.15	70034
GCL	79.65	66061
GCL	80.15	60587
GCL	80.65	55809
GCL	81.16	51719
GCL	81.66	48763
GCL	82.16	45535
GCL	82.66	42679
GCL	83.17	38915
GCL	83.67	36281
GCL	84.17	34404
GCL	84.67	31887
GCL	85.18	29277
GCL	85.68	27290
GCL	86.18	25783
GCL	86.68	24154
GCL	87.19	23005
GCL	87.69	21763
GCL	88.19	20674
GCL	88.69	19617
GCL	89.20	19185
GCL	89.70	18846
GCL	90.20	18321
GCL	90.70	18074
GCL	91.21	18013
GCL	91.71	18121
GCL	92.21	18347
GCL	92.71	18628
GCL	93.22	19283
GCL	93.72	19950
GCL	94.22	20765
GCL	94.72	21538
GCL	95.23	22681
GCL	95.73	24030
GCL	96.23	25700
GCL	96.73	27185
GCL	97.24	28980
GCL	97.74	31308
GCL	98.24	33995
GCL	98.74	36391
GCL	99.50	39063
# ACGT content per cycle. Use `grep ^GCC | cut -f 2-` to extract this part. The columns are: cycle; A,C,G,T base counts as a percentage of all A/C/G/T bases [%]; and N and O counts as a percentage of all A/C/G/T bases [%]
GCC	1	25.52	24.59	24.36	25.53	0.00	0.00
GCC	2	26.02	24.11	24.06	25.82	0.00	0.00
GCC	3	26.40	23.61	23.50	26.49	0.00	0.00
GCC	4	28.04	22.32	22.12	27.51	0.00	0.00
GCC	5	26.13	24.04	23.75	26.08	0.00	0.00
GCC	6	27.67	22.65	22.23	27.46	0.00	0.00
GCC	7	29.28	20.98	20.48	29.26	0.00	0.00
GCC	8	29.42	20.61	20.58	29.39	0.00	0.00
GCC	9	27.06	23.02	22.78	27.13	0.00	0.00
GCC	10	27.10	23.20	23.04	26.66	0.00	0.00
GCC	11	25.89	24.21	23.99	25.91	0.00	0.00
GCC	12	26.31	23.98	23.78	25.93	0.00	0.00
GCC	13	26.42	23.81	23.62	26.16	0.00	0.00
GCC	14	27.58	22.64	22.34	27.44	0.52	0.00
GCC	15	27.40	22.86	22.44	27.30	0.00	0.00
GCC	16	27.92	22.39	22.07	27.62	0.00	0.00
GCC	17	27.01	23.31	22.61	27.07	0.00	0.00
GCC	18	27.51	22.85	22.38	27.25	0.00	0.00
GCC	19	27.11	23.15	22.75	26.99	0.00	0.00
GCC	20	27.54	22.54	22.63	27.28	0.00	0.00
GCC	21	26.65	23.45	23.30	26.60	0.00	0.00
GCC	22	27.18	23.14	22.88	26.80	0.00	0.00
GCC	23	26.79	23.54	22.95	26.71	0.00	0.00
GCC	24	27.57	22.77	22.39	27.27	0.00	0.00
GCC	25	27.15	23.11	22.70	27.05	0.00	0.00
GCC	26	27.71	22.47	22.23	27.59	0.00	0.00
GCC	27	27.05	23.07	22.71	27.17	0.00	0.00
GCC	28	27.72	22.64	22.23	27.42	0.00	0.00
GCC	29	26.93	23.37	22.70	27.01	0.00	0.00
GCC	30	27.34	22.91	22.58	27.16	0.00	0.00
GCC	31	26.99	23.25	23.03	26.73	0.00	0.00
GCC	32	27.52	22.57	22.65	27.27	0.00	0.00
GCC	33	26.82	23.32	23.09	26.78	0.00	0.00
GCC	34	27.41	22.93	22.62	27.03	0.00	0.00
GCC	35	26.89	23.46	22.81	26.84	0.00	0.00
GCC	36	27.49	22.79	22.39	27.33	0.00	0.00
GCC	37	27.10	23.20	22.72	26.98	0.00	0.00
GCC	38	27.57	22.59	22.43	27.41	0.00	0.00
GCC	39	27.18	23.11	22.64	27.07	0.00	0.00
GCC	40	27.56	22.80	22.46	27.18	0.00	0.00
GCC	41	26.71	23.55	23.02	26.73	0.00	0.00
GCC	42	27.12	23.09	22.87	26.92	0.00	0.00
GCC	43	26.93	23.30	22.99	26.79	0.00	0.00
GCC	44	27.57	22.59	22.45	27.40	0.00	0.00
GCC	45	26.89	23.34	22.99	26.79	0.00	0.00
GCC	46	27.50	22.87	22.58	27.05	0.00	0.00
GCC	47	26.97	23.34	22.78	26.91	0.00	0.00
GCC	48	27.65	22.69	22.28	27.38	0.00	0.00
GCC	49	27.25	23.03	22.62	27.09	0.00	0.00
GCC	50	27.67	22.46	22.32	27.55	0.00	0.00
GCC	51	27.15	23.11	22.67	27.07	0.00	0.00
GCC	52	27.63	22.70	22.42	27.25	0.00	0.00
GCC	53	26.89	23.37	22.90	26.83	0.00	0.00
GCC	54	27.41	22.81	22.65	27.14	0.00	0.00
GCC	55	27.10	23.13	22.84	26.92	0.00	0.00
GCC	56	27.73	22.43	22.35	27.49	0.00	0.00
GCC	57	27.17	23.03	22.76	27.03	0.00	0.00
GCC	58	27.74	22.65	22.34	27.27	0.00	0.00
GCC	59	27.28	23.06	22.46	27.20	0.00	0.00
GCC	60	27.79	22.49	22.18	27.54	0.00	0.00
GCC	61	27.37	22.89	22.52	27.22	0.00	0.00
GCC	62	27.66	22.46	22.36	27.51	0.00	0.00
GCC	63	27.28	22.88	22.61	27.23	0.00	0.00
GCC	64	27.79	22.52	22.31	27.38	0.00	0.00
GCC	65	27.19	23.11	22.65	27.04	0.00	0.00
GCC	66	27.60	22.65	22.43	27.31	0.00	0.00
GCC	67	27.43	22.83	22.50	27.24	0.00	0.00
GCC	68	27.96	22.17	22.11	27.76	0.00	0.00
GCC	69	27.42	22.77	22.44	27.37	0.00	0.00
GCC	70	27.83	22.43	22.18	27.56	0.00	0.00
GCC	71	27.37	22.89	22.41	27.33	0.00	0.00
GCC	72	27.91	22.32	22.06	27.71	0.00	0.00
GCC	73	27.49	22.76	22.41	27.33	0.00	0.00
GCC	74	27.86	22.25	22.19	27.70	0.00	0.00
GCC	75	27.39	22.76	22.56	27.29	0.00	0.00
GCC	76	27.82	22.43	22.29	27.46	0.00	0.00
GCC	77	27.30	22.92	22.52	27.26	0.00	0.00
GCC	78	27.75	22.45	22.26	27.55	0.00	0.00
GCC	79	27.61	22.62	22.33	27.44	0.00	0.00
GCC	80	28.06	22.10	22.03	27.81	0.00	0.00
GCC	81	27.56	22.62	22.36	27.46	0.00	0.00
GCC	82	27.92	22.33	22.14	27.60	0.00	0.00
GCC	83	27.56	22.69	22.26	27.49	0.00	0.00
GCC	84	27.94	22.27	22.05	27.74	0.00	0.00
GCC	85	27.63	22.56	22.35	27.46	0.00	0.00
GCC	86	27.88	22.19	22.26	27.67	0.00	0.00
GCC	87	27.55	22.57	22.45	27.44	0.00	0.00
GCC	88	27.95	22.29	22.17	27.59	0.01	0.00
GCC	89	27.57	22.66	22.31	27.46	0.00	0.00
GCC	90	27.92	22.27	22.17	27.64	0.00	0.00
GCC	91	27.71	22.48	22.29	27.53	0.00	0.00
GCC	92	28.10	22.01	22.01	27.88	0.00	0.00
GCC	93	27.68	22.47	22.25	27.61	0.00	0.00
GCC	94	28.03	22.21	22.00	27.76	0.00	0.00
GCC	95	27.65	22.55	22.20	27.59	0.00	0.00
GCC	96	27.99	22.15	22.06	27.80	0.00	0.00
GCC	97	27.71	22.39	22.32	27.58	0.00	0.00
GCC	98	27.96	22.05	22.16	27.83	0.00	0.00
GCC	99	27.68	22.39	22.28	27.65	0.00	0.00
GCC	100	28.05	22.13	22.02	27.79	0.00	0.00
GCC	101	27.71	22.46	22.20	27.63	0.00	0.00
GCC	102	27.99	22.14	22.07	27.79	0.00	0.00
GCC	103	27.89	22.25	22.11	27.76	0.00	0.00
GCC	104	28.16	21.92	21.90	28.02	0.00	0.00
GCC	105	27.78	22.30	22.14	27.78	0.00	0.00
GCC	106	28.01	22.11	21.99	27.88	0.00	0.00
GCC	107	27.76	22.34	22.13	27.77	0.00	0.00
GCC	108	28.07	21.99	21.98	27.96	0.00	0.00
GCC	109	27.87	22.20	22.16	27.77	0.00	0.00
GCC	110	28.07	21.95	22.03	27.96	0.00	0.00
GCC	111	27.83	22.24	22.13	27.80	0.00	0.00
GCC	112	28.12	22.02	21.93	27.93	0.00	0.00
GCC	113	27.86	22.25	22.04	27.86	0.00	0.00
GCC	114	28.08	22.00	21.93	27.99	0.00	0.00
GCC	115	28.00	22.09	21.99	27.93	0.00	0.00
GCC	116	28.23	21.80	21.81	28.16	0.00	0.00
GCC	117	27.93	22.11	22.00	27.96	0.00	0.00
GCC	118	28.14	21.96	21.91	27.99	0.00	0.00
GCC	119	27.95	22.12	22.03	27.90	0.00	0.00
GCC	120	28.19	21.85	21.91	28.05	0.00	0.00
GCC	121	28.00	22.04	22.04	27.92	0.00	0.00
GCC	122	28.14	21.88	21.95	28.04	0.00	0.00
GCC	123	27.94	22.09	22.04	27.93	0.00	0.00
GCC	124	28.24	21.88	21.83	28.06	0.00	0.00
GCC	125	28.04	22.04	21.92	28.00	0.00	0.00
GCC	126	28.18	21.86	21.88	28.08	0.00	0.00
GCC	127	28.13	21.90	21.89	28.08	0.00	0.00
GCC	128	28.30	21.72	21.75	28.24	0.00	0.00
GCC	129	28.06	21.96	21.90	28.08	0.00	0.00
GCC	130	28.19	21.85	21.86	28.09	0.00	0.00
GCC	131	28.04	21.96	21.96	28.03	0.00	0.00
GCC	132	28.24	21.76	21.85	28.15	0.00	0.00
GCC	133	28.16	21.85	21.91	28.09	0.01	0.00
GCC	134	28.20	21.77	21.87	28.15	0.00	0.00
GCC	135	27.70	22.29	22.28	27.73	0.00	0.00
# ACGT content per cycle for first fragments. Use `grep ^FBC | cut -f 2-` to extract this part. The columns are: cycle; A,C,G,T base counts as a percentage of all A/C/G/T bases [%]; and N and O counts as a percentage of all A/C/G/T bases [%]
FBC	1	24.41	25.72	25.43	24.45	0.00	0.00
FBC	2	24.09	26.06	25.94	23.92	0.00	0.00
FBC	3	25.57	24.51	24.35	25.57	0.00	0.00
FBC	4	27.51	22.69	22.61	27.19	0.00	0.00
FBC	5	25.45	24.76	24.69	25.11	0.00	0.00
FBC	6	27.66	22.69	22.33	27.32	0.00	0.00
FBC	7	31.65	18.65	18.12	31.57	0.00	0.00
FBC	8	30.76	19.47	19.01	30.76	0.00	0.00
FBC	9	27.33	22.98	22.25	27.44	0.00	0.00
FBC	10	26.60	23.75	23.35	26.30	0.00	0.00
FBC	11	25.33	24.84	24.73	25.10	0.00	0.00
FBC	12	25.14	25.06	25.09	24.70	0.00	0.00
FBC	13	25.90	24.41	24.24	25.44	0.00	0.00
FBC	14	27.02	23.39	22.83	26.76	0.00	0.00
FBC	15	27.36	23.01	22.32	27.31	0.00	0.00
FBC	16	27.78	22.62	21.96	27.63	0.00	0.00
FBC	17	27.39	22.99	22.38	27.24	0.00	0.00
FBC	18	27.47	22.96	22.42	27.16	0.00	0.00
FBC	19	27.25	23.11	22.66	26.98	0.01	0.00
FBC	20	27.16	23.07	22.72	27.05	0.00	0.00
FBC	21	26.78	23.57	22.95	26.70	0.00	0.00
FBC	22	26.96	23.48	22.88	26.68	0.00	0.00
FBC	23	26.92	23.39	22.97	26.71	0.00	0.00
FBC	24	27.38	22.92	22.66	27.04	0.00	0.00
FBC	25	27.42	22.92	22.53	27.13	0.00	0.00
FBC	26	27.38	23.04	22.46	27.12	0.00	0.00
FBC	27	26.93	23.37	22.71	26.99	0.00	0.00
FBC	28	27.33	22.99	22.46	27.22	0.00	0.00
FBC	29	27.34	23.05	22.43	27.18	0.00	0.00
FBC	30	27.53	22.83	22.43	27.20	0.00	0.00
FBC	31	27.31	23.04	22.70	26.96	0.00	0.00
FBC	32	27.34	22.90	22.66	27.09	0.00	0.00
FBC	33	27.04	23.26	22.71	26.99	0.00	0.00
FBC	34	27.14	23.26	22.80	26.80	0.00	0.00
FBC	35	27.02	23.37	22.85	26.76	0.00	0.00
FBC	36	27.52	22.80	22.49	27.19	0.00	0.00
FBC	37	27.37	23.02	22.54	27.07	0.00	0.00
FBC	38	27.28	23.11	22.60	27.01	0.00	0.00
FBC	39	27.11	23.26	22.57	27.05	0.00	0.00
FBC	40	27.42	22.95	22.41	27.21	0.00	0.00
FBC	41	27.21	23.12	22.66	27.01	0.00	0.00
FBC	42	27.35	22.91	22.69	27.05	0.00	0.00
FBC	43	27.19	23.11	22.76	26.95	0.00	0.00
FBC	44	27.42	22.92	22.56	27.10	0.00	0.00
FBC	45	26.99	23.32	22.80	26.89	0.00	0.00
FBC	46	27.19	23.21	22.75	26.86	0.00	0.00
FBC	47	27.16	23.19	22.78	26.87	0.00	0.00
FBC	48	27.65	22.73	22.39	27.24	0.00	0.00
FBC	49	27.57	22.83	22.45	27.15	0.00	0.00
FBC	50	27.47	22.85	22.44	27.25	0.00	0.00
FBC	51	27.24	23.12	22.52	27.12	0.00	0.00
FBC	52	27.46	22.93	22.42	27.19	0.00	0.00
FBC	53	27.29	23.02	22.72	26.97	0.01	0.00
FBC	54	27.41	22.81	22.75	27.03	0.00	0.00
FBC	55	27.33	23.00	22.74	26.94	0.00	0.00
FBC	56	27.54	22.78	22.54	27.15	0.00	0.00
FBC	57	27.16	23.10	22.70	27.03	0.00	0.00
FBC	58	27.41	22.96	22.59	27.04	0.00	0.00
FBC	59	27.43	22.98	22.58	27.01	0.00	0.00
FBC	60	27.75	22.54	22.38	27.33	0.00	0.00
FBC	61	27.61	22.72	22.47	27.20	0.00	0.00
FBC	62	27.46	22.82	22.54	27.17	0.00	0.00
FBC	63	27.25	23.00	22.58	27.16	0.00	0.00
FBC	64	27.65	22.74	22.34	27.27	0.00	0.00
FBC	65	27.52	22.84	22.52	27.12	0.00	0.00
FBC	66	27.62	22.67	22.55	27.16	0.00	0.00
FBC	67	27.50	22.76	22.62	27.11	0.00	0.00
FBC	68	27.64	22.59	22.43	27.34	0.00	0.00
FBC	69	27.31	22.94	22.52	27.22	0.00	0.00
FBC	70	27.47	22.83	22.50	27.20	0.01	0.00
FBC	71	27.43	22.82	22.56	27.19	0.00	0.00
FBC	72	27.87	22.36	22.27	27.50	0.00	0.00
FBC	73	27.77	22.52	22.33	27.38	0.00	0.00
FBC	74	27.69	22.55	22.36	27.39	0.00	0.00
FBC	75	27.35	22.88	22.50	27.26	0.00	0.00
FBC	76	27.61	22.65	22.36	27.37	0.00	0.00
FBC	77	27.48	22.76	22.51	27.26	0.00	0.00
FBC	78	27.64	22.53	22.51	27.32	0.00	0.00
FBC	79	27.56	22.65	22.54	27.24	0.00	0.00
FBC	80	27.73	22.51	22.34	27.42	0.00	0.00
FBC	81	27.44	22.82	22.45	27.29	0.00	0.00
FBC	82	27.58	22.69	22.41	27.32	0.00	0.00
FBC	83	27.56	22.69	22.41	27.35	0.00	0.00
FBC	84	27.88	22.32	22.23	27.58	0.00	0.00
FBC	85	27.77	22.47	22.33	27.43	0.00	0.00
FBC	86	27.67	22.54	22.42	27.38	0.00	0.00
FBC	87	27.40	22.82	22.52	27.27	0.00	0.00
FBC	88	27.70	22.55	22.35	27.40	0.01	0.00
FBC	89	27.61	22.64	22.45	27.30	0.00	0.00
FBC	90	27.76	22.43	22.46	27.36	0.00	0.00
FBC	91	27.64	22.56	22.49	27.31	0.00	0.00
FBC	92	27.81	22.41	22.28	27.50	0.00	0.00
FBC	93	27.53	22.69	22.36	27.41	0.00	0.00
FBC	94	27.70	22.57	22.28	27.45	0.00	0.00
FBC	95	27.66	22.59	22.33	27.42	0.00	0.00
FBC	96	27.94	22.25	22.19	27.62	0.00	0.00
FBC	97	27.80	22.41	22.33	27.47	0.00	0.00
FBC	98	27.75	22.42	22.34	27.50	0.00	0.00
FBC	99	27.49	22.68	22.40	27.43	0.01	0.00
FBC	100	27.75	22.47	22.25	27.52	0.00	0.00
FBC	101	27.64	22.58	22.39	27.39	0.00	0.00
FBC	102	27.82	22.39	22.37	27.42	0.00	0.00
FBC	103	27.78	22.47	22.34	27.40	0.00	0.00
FBC	104	27.92	22.32	22.16	27.61	0.00	0.00
FBC	105	27.61	22.58	22.25	27.56	0.00	0.00
FBC	106	27.73	22.49	22.21	27.57	0.00	0.00
FBC	107	27.68	22.52	22.27	27.54	0.00	0.00
FBC	108	27.98	22.14	22.10	27.77	0.00	0.00
FBC	109	27.86	22.32	22.24	27.59	0.00	0.00
FBC	110	27.85	22.33	22.25	27.57	0.00	0.00
FBC	111	27.59	22.60	22.32	27.48	0.00	0.00
FBC	112	27.80	22.43	22.19	27.58	0.00	0.00
FBC	113	27.73	22.50	22.25	27.52	0.00	0.00
FBC	114	27.91	22.28	22.22	27.59	0.00	0.00
FBC	115	27.87	22.35	22.20	27.58	0.00	0.00
FBC	116	28.00	22.17	22.05	27.77	0.00	0.00
FBC	117	27.75	22.42	22.11	27.72	0.00	0.00
FBC	118	27.89	22.32	22.08	27.71	0.00	0.00
FBC	119	27.86	22.35	22.14	27.65	0.00	0.00
FBC	120	28.10	22.06	22.04	27.80	0.00	0.00
FBC	121	27.92	22.25	22.19	27.64	0.00	0.00
FBC	122	27.88	22.28	22.23	27.61	0.00	0.00
FBC	123	27.66	22.50	22.26	27.57	0.00	0.00
FBC	124	27.93	22.30	22.07	27.70	0.00	0.00
FBC	125	27.87	22.33	22.12	27.68	0.00	0.00
FBC	126	28.04	22.13	22.08	27.75	0.00	0.00
FBC	127	27.98	22.17	22.07	27.77	0.00	0.00
FBC	128	28.13	22.02	21.89	27.96	0.00	0.00
FBC	129	27.90	22.24	21.98	27.88	0.01	0.00
FBC	130	27.97	22.20	22.01	27.81	0.00	0.00
FBC	131	27.88	22.23	22.12	27.77	0.00	0.00
FBC	132	28.13	21.97	21.99	27.91	0.00	0.00
FBC	133	28.03	22.10	22.08	27.79	0.01	0.00
FBC	134	27.96	22.16	22.11	27.77	0.00	0.00
FBC	135	27.51	22.63	22.42	27.44	0.00	0.00
# ACGT content per cycle for last fragments. Use `grep ^LBC | cut -f 2-` to extract this part. The columns are: cycle; A,C,G,T base counts as a percentage of all A/C/G/T bases [%]; and N and O counts as a percentage of all A/C/G/T bases [%]
LBC	1	26.63	23.47	23.29	26.61	0.00	0.00
LBC	2	27.95	22.16	22.19	27.71	0.00	0.00
LBC	3	27.23	22.70	22.65	27.41	0.00	0.00
LBC	4	28.58	21.96	21.64	27.83	0.00	0.00
LBC	5	26.82	23.32	22.82	27.05	0.00	0.00
LBC	6	27.69	22.61	22.12	27.59	0.00	0.00
LBC	7	26.91	23.31	22.83	26.95	0.00	0.00
LBC	8	28.09	21.75	22.15	28.02	0.00	0.00
LBC	9	26.80	23.07	23.31	26.83	0.00	0.00
LBC	10	27.60	22.65	22.74	27.02	0.00	0.00
LBC	11	26.45	23.59	23.25	26.72	0.00	0.00
LBC	12	27.48	22.90	22.47	27.16	0.00	0.00
LBC	13	26.93	23.21	23.00	26.87	0.00	0.00
LBC	14	28.14	21.88	21.85	28.13	1.05	0.00
LBC	15	27.43	22.71	22.56	27.30	0.00	0.00
LBC	16	28.06	22.16	22.17	27.61	0.00	0.00
LBC	17	26.63	23.63	22.84	26.90	0.00	0.00
LBC	18	27.56	22.75	22.33	27.35	0.00	0.00
LBC	19	26.96	23.19	22.84	27.00	0.00	0.00
LBC	20	27.92	22.02	22.54	27.52	0.00	0.00
LBC	21	26.51	23.33	23.66	26.50	0.00	0.00
LBC	22	27.40	22.79	22.88	26.93	0.00	0.00
LBC	23	26.67	23.69	22.94	26.71	0.00	0.00
LBC	24	27.76	22.62	22.12	27.50	0.00	0.00
LBC	25	26.87	23.30	22.86	26.96	0.00	0.00
LBC	26	28.04	21.90	21.99	28.06	0.00	0.00
LBC	27	27.17	22.77	22.71	27.34	0.00	0.00
LBC	28	28.10	22.30	21.99	27.61	0.00	0.00
LBC	29	26.51	23.69	22.96	26.83	0.00	0.00
LBC	30	27.16	22.99	22.73	27.13	0.00	0.00
LBC	31	26.67	23.46	23.36	26.51	0.00	0.00
LBC	32	27.69	22.23	22.63	27.44	0.00	0.00
LBC	33	26.59	23.38	23.47	26.56	0.00	0.00
LBC	34	27.68	22.61	22.45	27.26	0.00	0.00
LBC	35	26.75	23.56	22.76	26.92	0.00	0.00
LBC	36	27.47	22.77	22.29	27.47	0.00	0.00
LBC	37	26.83	23.39	22.89	26.89	0.00	0.00
LBC	38	27.86	22.07	22.25	27.81	0.00	0.00
LBC	39	27.25	22.95	22.71	27.10	0.00	0.00
LBC	40	27.70	22.65	22.51	27.15	0.00	0.00
LBC	41	26.20	23.98	23.38	26.44	0.00	0.00
LBC	42	26.88	23.28	23.05	26.79	0.00	0.00
LBC	43	26.66	23.49	23.23	26.62	0.00	0.00
LBC	44	27.72	22.25	22.33	27.70	0.00	0.00
LBC	45	26.78	23.37	23.17	26.68	0.00	0.00
LBC	46	27.82	22.52	22.41	27.25	0.00	0.00
LBC	47	26.77	23.49	22.78	26.95	0.00	0.00
LBC	48	27.66	22.65	22.16	27.53	0.00	0.00
LBC	49	26.93	23.25	22.79	27.04	0.00	0.00
LBC	50	27.88	22.07	22.19	27.86	0.00	0.00
LBC	51	27.05	23.10	22.83	27.02	0.00	0.00
LBC	52	27.81	22.47	22.42	27.30	0.00	0.00
LBC	53	26.48	23.74	23.08	26.70	0.00	0.00
LBC	54	27.40	22.81	22.53	27.26	0.00	0.00
LBC	55	26.87	23.28	22.94	26.91	0.00	0.00
LBC	56	27.93	22.07	22.15	27.86	0.00	0.00
LBC	57	27.19	22.96	22.83	27.03	0.00	0.00
LBC	58	28.09	22.31	22.08	27.52	0.00	0.00
LBC	59	27.13	23.13	22.33	27.40	0.00	0.00
LBC	60	27.82	22.45	21.97	27.76	0.00	0.00
LBC	61	27.12	23.07	22.57	27.24	0.00	0.00
LBC	62	27.87	22.08	22.17	27.87	0.00	0.00
LBC	63	27.31	22.75	22.64	27.30	0.00	0.00
LBC	64	27.94	22.28	22.27	27.50	0.00	0.00
LBC	65	26.83	23.40	22.80	26.96	0.00	0.00
LBC	66	27.58	22.64	22.31	27.47	0.00	0.00
LBC	67	27.35	22.91	22.36	27.38	0.00	0.00
LBC	68	28.30	21.72	21.77	28.21	0.00	0.00
LBC	69	27.53	22.59	22.35	27.52	0.00	0.00
LBC	70	28.23	22.01	21.83	27.94	0.00	0.00
LBC	71	27.30	22.97	22.24	27.49	0.00	0.00
LBC	72	27.96	22.28	21.83	27.93	0.00	0.00
LBC	73	27.20	23.03	22.49	27.28	0.00	0.00
LBC	74	28.04	21.91	22.01	28.04	0.00	0.00
LBC	75	27.44	22.62	22.62	27.32	0.00	0.00
LBC	76	28.05	22.18	22.21	27.56	0.00	0.00
LBC	77	27.11	23.09	22.54	27.26	0.00	0.00
LBC	78	27.87	22.36	21.98	27.80	0.00	0.00
LBC	79	27.67	22.58	22.09	27.66	0.00	0.00
LBC	80	28.42	21.65	21.69	28.24	0.00	0.00
LBC	81	27.70	22.40	22.25	27.65	0.00	0.00
LBC	82	28.30	21.93	21.84	27.92	0.01	0.00
LBC	83	27.57	22.69	22.09	27.65	0.00	0.00
LBC	84	28.02	22.23	21.85	27.90	0.00	0.00
LBC	85	27.48	22.66	22.37	27.49	0.00	0.00
LBC	86	28.11	21.81	22.09	27.99	0.00	0.00
LBC	87	27.71	22.30	22.37	27.62	0.00	0.00
LBC	88	28.22	22.00	21.98	27.80	0.00	0.00
LBC	89	27.53	22.69	22.15	27.64	0.00	0.00
LBC	90	28.10	22.10	21.84	27.97	0.00	0.00
LBC	91	27.78	22.39	22.06	27.77	0.00	0.00
LBC	92	28.42	21.57	21.70	28.31	0.00	0.00
LBC	93	27.84	22.21	22.12	27.82	0.00	0.00
LBC	94	28.39	21.81	21.69	28.11	0.00	0.00
LBC	95	27.65	22.50	22.06	27.79	0.00	0.00
LBC	96	28.04	22.05	21.90	28.01	0.00	0.00
LBC	97	27.61	22.38	22.32	27.70	0.00	0.00
LBC	98	28.21	21.64	21.95	28.21	0.00	0.00
LBC	99	27.89	22.06	22.15	27.91	0.00	0.00
LBC	100	28.40	21.75	21.76	28.09	0.00	0.00
LBC	101	27.79	22.32	21.99	27.90	0.00	0.00
LBC	102	28.19	21.87	21.73	28.21	0.00	0.00
LBC	103	28.00	21.99	21.84	28.16	0.00	0.00
LBC	104	28.45	21.45	21.60	28.50	0.00	0.00
LBC	105	27.97	21.98	22.02	28.03	0.00	0.00
LBC	106	28.35	21.68	21.74	28.24	0.00	0.00
LBC	107	27.86	22.14	21.97	28.04	0.00	0.00
LBC	108	28.18	21.80	21.84	28.19	0.00	0.00
LBC	109	27.88	22.06	22.08	27.98	0.00	0.00
LBC	110	28.32	21.51	21.76	28.41	0.00	0.00
LBC	111	28.12	21.80	21.89	28.18	0.00	0.00
LBC	112	28.50	21.54	21.62	28.34	0.00	0.00
LBC	113	28.01	21.95	21.79	28.26	0.00	0.00
LBC	114	28.29	21.67	21.59	28.45	0.00	0.00
LBC	115	28.17	21.77	21.73	28.33	0.00	0.00
LBC	116	28.49	21.36	21.54	28.61	0.00	0.00
LBC	117	28.15	21.76	21.86	28.24	0.00	0.00
LBC	118	28.43	21.53	21.70	28.33	0.00	0.00
LBC	119	28.06	21.85	21.89	28.20	0.00	0.00
LBC	120	28.30	21.61	21.75	28.34	0.00	0.00
LBC	121	28.09	21.79	21.87	28.24	0.00	0.00
LBC	122	28.45	21.40	21.61	28.54	0.00	0.00
LBC	123	28.28	21.60	21.76	28.35	0.00	0.00
LBC	124	28.61	21.38	21.53	28.49	0.00	0.00
LBC	125	28.25	21.68	21.69	28.38	0.00	0.00
LBC	126	28.36	21.53	21.63	28.48	0.00	0.00
LBC	127	28.32	21.57	21.67	28.44	0.00	0.00
LBC	128	28.50	21.36	21.57	28.57	0.00	0.00
LBC	129	28.26	21.61	21.80	28.33	0.00	0.00
LBC	130	28.47	21.43	21.67	28.44	0.00	0.00
LBC	131	28.24	21.63	21.77	28.36	0.00	0.00
LBC	132	28.38	21.51	21.67	28.44	0.00	0.00
LBC	133	28.32	21.54	21.70	28.44	0.00	0.00
LBC	134	28.50	21.30	21.58	28.62	0.00	0.00
LBC	135	27.93	21.86	22.10	28.10	0.00	0.00
# Insert sizes. Use `grep ^IS | cut -f 2-` to extract this part. The columns are: insert size, pairs total, inward oriented pairs, outward oriented pairs, other pairs
IS	0	11139	0	2073	9066
IS	1	0	0	0	0
IS	2	14133	0	10327	3806
IS	3	13886	0	10619	3267
IS	4	13615	0	10319	3296
IS	5	13588	0	10197	3391
IS	6	14067	0	10482	3585
IS	7	14958	0	11285	3673
IS	8	15135	0	11268	3867
IS	9	15232	0	11424	3808
IS	10	15912	0	12285	3627
IS	11	17045	0	13378	3667
IS	12	18542	0	14764	3778
IS	13	19159	0	15240	3919
IS	14	19614	0	14988	4626
IS	15	23327	0	15065	8262
IS	16	28433	0	14747	13686
IS	17	40663	0	16588	24075
IS	18	28430	0	19893	8537
IS	19	208267	83249	120068	4950
IS	20	187275	76169	106176	4930
IS	21	118832	48377	63940	6515
IS	22	127055	41572	76695	8788
IS	23	88082	24791	54562	8729
IS	24	62535	19589	37104	5842
IS	25	50104	15383	30176	4545
IS	26	45431	13294	27964	4173
IS	27	43031	12267	26593	4171
IS	28	48513	14043	30143	4327
IS	29	49090	13771	30946	4373
IS	30	53111	15526	33119	4466
IS	31	56878	16498	35813	4567
IS	32	55974	16040	35288	4646
IS	33	55750	16155	34893	4702
IS	34	55854	16200	34769	4885
IS	35	56415	16320	35245	4850
IS	36	58712	17759	36207	4746
IS	37	59372	17524	37139	4709
IS	38	61694	18736	37979	4979
IS	39	60951	18360	37898	4693
IS	40	58535	17590	36039	4906
IS	41	59739	18137	36766	4836
IS	42	60589	18854	36955	4780
IS	43	60533	19367	36294	4872
IS	44	62357	20348	37097	4912
IS	45	63393	21532	36815	5046
IS	46	60978	20679	35402	4897
IS	47	64243	24103	35148	4992
IS	48	60757	21284	34464	5009
IS	49	58045	19758	33170	5117
IS	50	56459	19496	31838	5125
IS	51	56125	18935	31877	5313
IS	52	55953	19266	31513	5174
IS	53	56821	19915	31664	5242
IS	54	55298	19316	30655	5327
IS	55	54012	18646	29926	5440
IS	56	55591	19411	30692	5488
IS	57	56231	20941	29743	5547
IS	58	54823	19849	29267	5707
IS	59	55646	20695	29382	5569
IS	60	53237	19343	28186	5708
IS	61	52711	19309	27668	5734
IS	62	56852	21917	29175	5760
IS	63	55796	21508	28435	5853
IS	64	53428	19784	27808	5836
IS	65	53577	19823	27717	6037
IS	66	53057	19738	27352	5967
IS	67	54647	20865	27716	6066
IS	68	53965	20703	27271	5991
IS	69	52747	20551	26026	6170
IS	70	55294	22479	26566	6249
IS	71	54436	21506	26802	6128
IS	72	53775	21520	25986	6269
IS	73	53133	21410	25460	6263
IS	74	53734	21266	26243	6225
IS	75	53274	21179	25853	6242
IS	76	52637	21549	24829	6259
IS	77	52753	21636	24672	6445
IS	78	53178	21929	24911	6338
IS	79	52919	22336	24163	6420
IS	80	52127	22110	23689	6328
IS	81	51945	21792	23746	6407
IS	82	52571	22420	23725	6426
IS	83	54050	23154	24204	6692
IS	84	51617	22132	22851	6634
IS	85	51335	21997	22549	6789
IS	86	51019	22015	22157	6847
IS	87	51653	22538	22333	6782
IS	88	51389	22888	21723	6778
IS	89	50433	22341	21126	6966
IS	90	51441	22918	21629	6894
IS	91	50634	22462	21257	6915
IS	92	60492	28271	25279	6942
IS	93	66772	32376	27519	6877
IS	94	71634	35242	29397	6995
IS	95	74921	36458	31217	7246
IS	96	74104	36603	30430	7071
IS	97	79420	39399	32773	7248
IS	98	81286	40895	33229	7162
IS	99	73516	36747	29551	7218
IS	100	70597	35620	27722	7255
IS	101	72672	36620	28755	7297
IS	102	75345	38116	29782	7447
IS	103	78954	39479	32293	7182
IS	104	77744	38945	31447	7352
IS	105	70449	35649	27422	7378
IS	106	70754	36152	27100	7502
IS	107	73229	37567	28188	7474
IS	108	75075	38047	29405	7623
IS	109	76339	38071	30664	7604
IS	110	78080	38778	31694	7608
IS	111	72501	37010	27780	7711
IS	112	71848	36917	27261	7670
IS	113	72610	37126	27705	7779
IS	114	75237	38294	29290	7653
IS	115	78969	39573	31458	7938
IS	116	80280	40568	31933	7779
IS	117	73968	38897	27321	7750
IS	118	72574	38261	26325	7988
IS	119	73444	38814	26772	7858
IS	120	74278	39212	27017	8049
IS	121	76995	40028	28968	7999
IS	122	77264	42192	26969	8103
IS	123	70869	39675	23170	8024
IS	124	69379	39520	21695	8164
IS	125	68902	39852	20940	8110
IS	126	70444	41199	21163	8082
IS	127	72125	43779	20221	8125
IS	128	72464	45785	18520	8159
IS	129	66172	43127	15015	8030
IS	130	66667	45640	12854	8173
IS	131	66344	46593	11539	8212
IS	132	67304	47759	11316	8229
IS	133	67583	46251	13130	8202
IS	134	68749	44810	15588	8351
IS	135	65092	50156	6697	8239
IS	136	63877	52690	2882	8305
IS	137	64368	53585	2608	8175
IS	138	65219	54458	2432	8329
IS	139	65921	55222	2384	8315
IS	140	64899	54499	2146	8254
IS	141	61402	50954	2086	8362
IS	142	61633	51332	1989	8312
IS	143	61819	51498	1946	8375
IS	144	62145	51966	1807	8372
IS	145	62586	52523	1738	8325
IS	146	64221	54064	1693	8464
IS	147	63501	53445	1642	8414
IS	148	63424	53162	1604	8658
IS	149	64634	54509	1539	8586
IS	150	65324	55149	1609	8566
IS	151	65239	55145	1588	8506
IS	152	66651	56790	1488	8373
IS	153	64589	54398	1541	8650
IS	154	64786	54698	1529	8559
IS	155	66074	56021	1529	8524
IS	156	65238	55163	1528	8547
IS	157	66108	56261	1514	8333
IS	158	67551	57556	1515	8480
IS	159	67892	57846	1416	8630
IS	160	68750	58822	1412	8516
IS	161	69550	59539	1437	8574
IS	162	70035	60016	1468	8551
IS	163	71587	61501	1417	8669
IS	164	72002	62098	1311	8593
IS	165	72530	62523	1350	8657
IS	166	74086	64113	1376	8597
IS	167	75109	65040	1427	8642
IS	168	75759	65757	1374	8628
IS	169	76649	66669	1325	8655
IS	170	77019	67046	1320	8653
IS	171	78688	68743	1393	8552
IS	172	80573	70597	1297	8679
IS	173	81416	71509	1277	8630
IS	174	82952	73045	1254	8653
IS	175	85314	75360	1316	8638
IS	176	86450	76523	1286	8641
IS	177	87912	77972	1275	8665
IS	178	89069	79231	1275	8563
IS	179	89884	80119	1277	8488
IS	180	91083	81352	1257	8474
IS	181	92160	82285	1281	8594
IS	182	93407	83649	1212	8546
IS	183	94905	85157	1245	8503
IS	184	95674	85846	1198	8630
IS	185	97361	87589	1184	8588
IS	186	97790	88009	1196	8585
IS	187	99398	89627	1250	8521
IS	188	100783	90990	1232	8561
IS	189	101834	92142	1165	8527
IS	190	102317	92630	1151	8536
IS	191	104661	94986	1124	8551
IS	192	106000	96278	1159	8563
IS	193	106503	96821	1151	8531
IS	194	108144	98629	1139	8376
IS	195	109498	99811	1180	8507
IS	196	110791	101209	1101	8481
IS	197	112716	103184	1113	8419
IS	198	113614	103896	1113	8605
IS	199	114797	105276	1164	8357
IS	200	116274	106642	1179	8453
IS	201	117918	108455	1103	8360
IS	202	119387	109953	1077	8357
IS	203	120618	111192	1093	8333
IS	204	121073	111533	1137	8403
IS	205	122118	112773	1099	8246
IS	206	123117	113923	1058	8136
IS	207	124789	115663	1019	8107
IS	208	126618	117174	1065	8379
IS	209	127424	118227	1072	8125
IS	210	128778	119493	1067	8218
IS	211	129670	120513	1009	8148
IS	212	130567	121407	1043	8117
IS	213	132506	123411	1035	8060
IS	214	133273	124177	988	8108
IS	215	134946	125929	1043	7974
IS	216	136321	127206	991	8124
IS	217	137725	128700	942	8083
IS	218	138498	129609	1006	7883
IS	219	139538	130640	988	7910
IS	220	140960	132286	928	7746
IS	221	142112	133301	939	7872
IS	222	142313	133710	942	7661
IS	223	143387	134716	985	7686
IS	224	145059	136347	953	7759
IS	225	145344	136836	923	7585
IS	226	147128	138493	923	7712
IS	227	147211	138806	894	7511
IS	228	148111	139514	957	7640
IS	229	150035	141553	939	7543
IS	230	149809	141427	910	7472
IS	231	150663	142191	947	7525
IS	232	151209	142941	843	7425
IS	233	152148	143800	943	7405
IS	234	152871	144621	936	7314
IS	235	153281	145043	896	7342
IS	236	154260	145987	921	7352
IS	237	154379	146223	875	7281
IS	238	155631	147544	863	7224
IS	239	156390	148237	877	7276
IS	240	156636	148585	855	7196
IS	241	156964	149025	838	7101
IS	242	157368	149559	868	6941
IS	243	157219	149419	794	7006
IS	244	158414	150678	803	6933
IS	245	158462	150608	843	7011
IS	246	159052	151317	802	6933
IS	247	158967	151142	858	6967
IS	248	159056	151319	896	6841
IS	249	159355	151643	812	6900
IS	250	159652	152203	792	6657
IS	251	159790	152395	741	6654
IS	252	159553	152243	765	6545
IS	253	160117	152728	781	6608
IS	254	159772	152527	726	6519
IS	255	159504	152344	673	6487
IS	256	159572	152311	804	6457
IS	257	159182	152042	745	6395
IS	258	159247	152051	781	6415
IS	259	159152	152015	785	6352
IS	260	159324	152462	720	6142
IS	261	159644	152666	771	6207
IS	262	158928	152015	692	6221
IS	263	159134	152216	692	6226
IS	264	158876	152070	723	6083
IS	265	158134	151308	726	6100
IS	266	158651	151804	723	6124
IS	267	158551	151881	693	5977
IS	268	157273	150473	710	6090
IS	269	156484	149928	705	5851
IS	270	156275	149835	718	5722
IS	271	156440	150062	703	5675
IS	272	156028	149467	731	5830
IS	273	155870	149417	678	5775
IS	274	155568	149185	717	5666
IS	275	153983	147734	683	5566
IS	276	154505	148223	710	5572
IS	277	153570	147353	680	5537
IS	278	152670	146617	661	5392
IS	279	152213	146103	672	5438
IS	280	152105	146093	661	5351
IS	281	152098	146117	654	5327
IS	282	151211	145102	675	5434
IS	283	150012	144125	656	5231
IS	284	150161	144337	641	5183
IS	285	149307	143359	646	5302
IS	286	149037	143274	601	5162
IS	287	147415	141772	637	5006
IS	288	147585	141830	610	5145
IS	289	146175	140531	629	5015
IS	290	146071	140455	604	5012
IS	291	144969	139266	617	5086
IS	292	144328	138886	621	4821
IS	293	142824	137247	628	4949
IS	294	142894	137588	603	4703
IS	295	142685	137329	593	4763
IS	296	140795	135480	532	4783
IS	297	140175	134957	563	4655
IS	298	140012	134835	582	4595
IS	299	138656	133452	581	4623
IS	300	138033	132841	579	4613
IS	301	137004	131925	538	4541
IS	302	136361	131255	583	4523
IS	303	136004	131013	568	4423
IS	304	135002	130009	546	4447
IS	305	133553	128585	529	4439
IS	306	133314	128488	526	4300
IS	307	132513	127738	522	4253
IS	308	131002	126102	526	4374
IS	309	130984	126191	533	4260
IS	310	130063	125277	506	4280
IS	311	129491	124889	531	4071
IS	312	128357	123763	497	4097
IS	313	127145	122609	519	4017
IS	314	126408	121807	494	4107
IS	315	125549	120951	541	4057
IS	316	123988	119532	531	3925
IS	317	123666	119271	508	3887
IS	318	122665	118242	541	3882
IS	319	121877	117469	505	3903
IS	320	120910	116671	474	3765
IS	321	120299	115977	501	3821
IS	322	119060	114743	496	3821
IS	323	118597	114345	492	3760
IS	324	117591	113372	511	3708
IS	325	116555	112284	521	3750
IS	326	115963	111920	482	3561
IS	327	114909	110845	456	3608
IS	328	114128	110095	509	3524
IS	329	113814	109852	471	3491
IS	330	112599	108528	467	3604
IS	331	111759	107775	444	3540
IS	332	110698	106755	477	3466
IS	333	110006	106113	495	3398
IS	334	109153	105327	471	3355
IS	335	108562	104865	402	3295
IS	336	107989	104273	443	3273
IS	337	106359	102673	424	3262
IS	338	105715	102027	438	3250
IS	339	105077	101457	455	3165
IS	340	104440	100782	449	3209
IS	341	103438	99984	413	3041
IS	342	102352	98755	473	3124
IS	343	101840	98315	422	3103
IS	344	100876	97410	440	3026
IS	345	99745	96221	441	3083
IS	346	99967	96548	428	2991
IS	347	99300	95861	403	3036
IS	348	98743	95431	412	2900
IS	349	97848	94614	396	2838
IS	350	96614	93318	378	2918
IS	351	95464	92146	418	2900
IS	352	94676	91336	435	2905
IS	353	93951	90677	395	2879
IS	354	93273	90158	373	2742
IS	355	93022	89775	423	2824
IS	356	92619	89355	394	2870
IS	357	91492	88424	379	2689
IS	358	90486	87357	401	2728
IS	359	90185	87124	358	2703
IS	360	88805	85795	336	2674
IS	361	88163	85119	415	2629
IS	362	87768	84681	400	2687
IS	363	86265	83424	364	2477
IS	364	86385	83494	366	2525
IS	365	85611	82744	368	2499
IS	366	84674	81848	363	2463
IS	367	84102	81245	392	2465
IS	368	82988	80276	334	2378
IS	369	82285	79461	382	2442
IS	370	81959	79175	358	2426
IS	371	81654	78904	324	2426
IS	372	81299	78549	373	2377
IS	373	79717	77017	365	2335
IS	374	79251	76605	340	2306
IS	375	78620	76061	364	2195
IS	376	78215	75558	377	2280
IS	377	77487	74938	326	2223
IS	378	76708	74029	357	2322
IS	379	76201	73587	344	2270
IS	380	76146	73583	341	2222
IS	381	75192	72766	342	2084
IS	382	74587	72087	333	2167
IS	383	73756	71303	338	2115
IS	384	73033	70605	344	2084
IS	385	72251	69808	312	2131
IS	386	72394	70023	304	2067
IS	387	72022	69599	311	2112
IS	388	71051	68669	322	2060
IS	389	69900	67561	300	2039
IS	390	69997	67639	334	2024
IS	391	69700	67350	344	2006
IS	392	68599	66338	301	1960
IS	393	67668	65425	322	1921
IS	394	67234	64959	318	1957
IS	395	66827	64554	305	1968
IS	396	66438	64174	295	1969
IS	397	66222	64012	301	1909
IS	398	65418	63231	299	1888
IS	399	65227	63070	314	1843
IS	400	64709	62553	292	1864
IS	401	63589	61372	352	1865
IS	402	63114	61049	296	1769
IS	403	63198	61138	284	1776
IS	404	62620	60614	283	1723
IS	405	61833	59785	308	1740
IS	406	61237	59259	281	1697
IS	407	60984	58996	278	1710
IS	408	60786	58834	293	1659
IS	409	59667	57647	286	1734
IS	410	59762	57776	288	1698
IS	411	59306	57402	296	1608
IS	412	58718	56800	285	1633
IS	413	59122	57176	279	1667
IS	414	57502	55589	282	1631
IS	415	57452	55552	263	1637
IS	416	57312	55486	278	1548
IS	417	56495	54632	293	1570
IS	418	55711	53928	259	1524
IS	419	55825	54003	305	1517
IS	420	55239	53469	235	1535
IS	421	54747	52940	286	1521
IS	422	54394	52625	253	1516
IS	423	53686	51927	268	1491
IS	424	53585	51881	253	1451
IS	425	53331	51593	270	1468
IS	426	53110	51386	260	1464
IS	427	52358	50593	257	1508
IS	428	51924	50232	240	1452
IS	429	51745	50029	277	1439
IS	430	51302	49742	238	1322
IS	431	51096	49432	243	1421
IS	432	50313	48682	261	1370
IS	433	49532	47978	253	1301
IS	434	49491	47862	256	1373
IS	435	48899	47314	250	1335
IS	436	48701	47093	250	1358
IS	437	48267	46773	200	1294
IS	438	47729	46293	213	1223
IS	439	47528	46058	226	1244
IS	440	46857	45299	271	1287
IS	441	46193	44635	265	1293
IS	442	46300	44731	243	1326
IS	443	45923	44432	219	1272
IS	444	45432	43964	251	1217
IS	445	45166	43636	250	1280
IS	446	44419	42990	238	1191
IS	447	44101	42642	229	1230
IS	448	43713	42299	229	1185
IS	449	43366	41920	218	1228
IS	450	43131	41682	232	1217
IS	451	42851	41522	212	1117
IS	452	42870	41502	229	1139
IS	453	41978	40658	227	1093
IS	454	42437	41126	210	1101
IS	455	41471	40140	220	1111
IS	456	41447	40105	224	1118
IS	457	41000	39684	231	1085
IS	458	41001	39677	220	1104
IS	459	40196	38935	205	1056
IS	460	39941	38612	211	1118
IS	461	39752	38483	234	1035
IS	462	39473	38214	215	1044
IS	463	39241	37976	212	1053
IS	464	38398	37182	194	1022
IS	465	38298	37047	211	1040
IS	466	38196	37003	242	951
IS	467	37867	36679	212	976
IS	468	38142	36959	222	961
IS	469	37604	36433	226	945
IS	470	37109	35934	227	948
IS	471	36829	35623	215	991
IS	472	36753	35606	209	938
IS	473	36375	35202	201	972
IS	474	36105	34985	207	913
IS	475	35471	34374	195	902
IS	476	35484	34394	197	893
IS	477	35343	34190	203	950
IS	478	34655	33609	217	829
IS	479	35130	34047	214	869
IS	480	34430	33337	179	914
IS	481	34388	33303	181	904
IS	482	33981	32917	196	868
IS	483	33905	32832	185	888
IS	484	33830	32798	199	833
IS	485	32922	31869	167	886
IS	486	33080	31977	217	886
IS	487	32594	31555	198	841
IS	488	32615	31569	200	846
IS	489	31626	30635	173	818
IS	490	32266	31280	173	813
IS	491	31519	30502	167	850
IS	492	31342	30381	184	777
IS	493	31269	30317	177	775
IS	494	30975	29977	198	800
IS	495	30999	30049	182	768
IS	496	30713	29764	170	779
IS	497	30455	29465	185	805
IS	498	30114	29155	186	773
IS	499	30008	29037	179	792
IS	500	29856	28939	199	718
IS	501	29374	28507	187	680
IS	502	29118	28226	162	730
IS	503	28932	28030	174	728
IS	504	28852	27898	199	755
IS	505	28359	27420	181	758
IS	506	28393	27544	165	684
IS	507	28081	27264	163	654
IS	508	27938	27044	170	724
IS	509	27302	26482	163	657
IS	510	27183	26379	169	635
IS	511	27194	26346	152	696
IS	512	27156	26340	167	649
IS	513	26667	25838	186	643
IS	514	26849	26049	158	642
IS	515	26377	25579	164	634
IS	516	26528	25685	170	673
IS	517	26420	25619	168	633
IS	518	25986	25159	171	656
IS	519	25574	24787	171	616
IS	520	25506	24697	169	640
IS	521	24992	24218	142	632
IS	522	24856	24057	184	615
IS	523	24586	23798	146	642
IS	524	24518	23756	155	607
IS	525	24059	23240	169	650
IS	526	23779	23035	155	589
IS	527	24100	23344	169	587
IS	528	23438	22705	161	572
IS	529	23279	22544	154	581
IS	530	23050	22340	145	565
IS	531	23255	22510	151	594
IS	532	23263	22551	152	560
IS	533	22800	22074	130	596
IS	534	22738	22060	151	527
IS	535	22791	22068	143	580
IS	536	22337	21640	156	541
IS	537	22279	21579	155	545
IS	538	22030	21332	153	545
IS	539	21620	20986	143	491
IS	540	21611	20912	161	538
IS	541	21231	20593	123	515
IS	542	21172	20486	151	535
IS	543	21124	20459	145	520
IS	544	20758	20120	135	503
IS	545	20741	20078	130	533
IS	546	20527	19888	142	497
IS	547	20455	19805	147	503
IS	548	20246	19612	144	490
IS	549	19925	19325	131	469
IS	550	19726	19121	137	468
IS	551	19780	19147	141	492
IS	552	19745	19124	130	491
IS	553	19583	18937	152	494
IS	554	19541	18953	153	435
IS	555	18946	18352	126	468
IS	556	19303	18671	157	475
IS	557	18715	18068	164	483
IS	558	18568	17958	153	457
IS	559	18738	18120	146	472
IS	560	18384	17807	139	438
IS	561	18280	17692	146	442
IS	562	18519	17943	143	433
IS	563	17779	17208	147	424
IS	564	17712	17148	142	422
IS	565	17983	17390	160	433
IS	566	17552	16993	156	403
IS	567	17469	16876	154	439
IS	568	17369	16787	170	412
IS	569	17035	16488	147	400
IS	570	16991	16423	164	404
IS	571	16697	16149	133	415
IS	572	16489	15978	146	365
IS	573	16601	16086	155	360
IS	574	16478	15969	155	354
IS	575	16512	15981	136	395
IS	576	16367	15828	170	369
IS	577	15932	15398	147	387
IS	578	15835	15284	162	389
IS	579	15727	15168	153	406
IS	580	16027	15460	166	401
IS	581	15420	14937	130	353
IS	582	15378	14854	144	380
IS	583	15212	14688	155	369
IS	584	14871	14395	132	344
IS	585	15155	14674	132	349
IS	586	14964	14433	162	369
IS	587	14740	14255	162	323
IS	588	14447	13989	118	340
IS	589	14365	13914	144	307
IS	590	14438	13910	161	367
IS	591	14204	13708	162	334
IS	592	14259	13745	150	364
IS	593	14066	13568	148	350
IS	594	13899	13417	150	332
IS	595	13804	13272	166	366
IS	596	13926	13425	182	319
IS	597	13468	12976	180	312
IS	598	13354	12861	181	312
IS	599	13404	12926	155	323
IS	600	13247	12759	167	321
IS	601	13225	12749	175	301
IS	602	13224	12703	178	343
IS	603	12736	12253	137	346
IS	604	12795	12324	166	305
IS	605	13008	12522	167	319
IS	606	12540	12077	162	301
IS	607	12401	11942	177	282
IS	608	12411	11924	196	291
IS	609	12435	11975	175	285
IS	610	12162	11710	172	280
IS	611	12022	11556	175	291
IS	612	11999	11535	179	285
IS	613	11992	11529	171	292
IS	614	11751	11327	161	263
IS	615	11430	10979	172	279
IS	616	11560	11127	154	279
IS	617	11328	10903	165	260
IS	618	11420	11020	157	243
IS	619	11230	10769	170	291
IS	620	11232	10792	167	273
IS	621	11145	10686	192	267
IS	622	10889	10471	181	237
IS	623	10783	10362	163	258
IS	624	10781	10365	161	255
IS	625	10662	10250	169	243
IS	626	10591	10188	149	254
IS	627	10391	10003	176	212
IS	628	10197	9750	181	266
IS	629	10339	9898	174	267
IS	630	10359	9967	155	237
IS	631	10221	9772	186	263
IS	632	9834	9412	172	250
IS	633	9875	9416	202	257
IS	634	9764	9377	156	231
IS	635	9678	9301	157	220
IS	636	9536	9150	144	242
IS	637	9554	9154	161	239
IS	638	9572	9199	155	218
IS	639	9340	8935	161	244
IS	640	9177	8761	171	245
IS	641	9204	8814	169	221
IS	642	9034	8644	173	217
IS	643	8850	8451	175	224
IS	644	8919	8527	191	201
IS	645	8915	8520	177	218
IS	646	8698	8345	157	196
IS	647	8623	8256	155	212
IS	648	8462	8111	154	197
IS	649	8490	8130	167	193
IS	650	8570	8213	134	223
IS	651	8352	7988	163	201
IS	652	8230	7843	165	222
IS	653	8211	7815	201	195
IS	654	8125	7771	173	181
IS	655	8039	7646	193	200
IS	656	7886	7545	167	174
IS	657	7906	7559	168	179
IS	658	7804	7467	135	202
IS	659	7824	7492	133	199
IS	660	7708	7366	139	203
IS	661	7724	7360	163	201
IS	662	7571	7220	148	203
IS	663	7372	7006	178	188
IS	664	7519	7157	154	208
IS	665	7225	6902	158	165
IS	666	7191	6836	155	200
IS	667	7284	6961	136	187
IS	668	7269	6930	139	200
IS	669	6863	6520	145	198
IS	670	6868	6560	122	186
IS	671	6911	6573	153	185
IS	672	6733	6430	125	178
IS	673	6730	6420	141	169
IS	674	6717	6383	154	180
IS	675	6622	6324	145	153
IS	676	6774	6434	180	160
IS	677	6537	6175	172	190
IS	678	6566	6214	158	194
IS	679	6349	6034	144	171
IS	680	6571	6272	133	166
IS	681	6220	5924	153	143
IS	682	6184	5844	160	180
IS	683	6328	6022	141	165
IS	684	6072	5799	119	154
IS	685	6012	5698	150	164
IS	686	6055	5748	143	164
IS	687	5958	5651	140	167
IS	688	5862	5560	148	154
IS	689	5748	5437	147	164
IS	690	5794	5506	139	149
IS	691	5586	5299	139	148
IS	692	5500	5244	132	124
IS	693	5487	5207	133	147
IS	694	5469	5188	139	142
IS	695	5490	5200	135	155
IS	696	5391	5099	139	153
IS	697	5252	4930	152	170
IS	698	5225	4916	138	171
IS	699	5194	4911	140	143
IS	700	5177	4914	111	152
IS	701	5134	4825	147	162
IS	702	5085	4843	112	130
IS	703	4979	4714	119	146
IS	704	4981	4695	140	146
IS	705	4868	4620	113	135
IS	706	4831	4581	114	136
IS	707	4879	4631	120	128
IS	708	4684	4424	126	134
IS	709	4747	4497	132	118
IS	710	4665	4400	128	137
IS	711	4641	4364	150	127
IS	712	4565	4309	125	131
IS	713	4622	4369	107	146
IS	714	4607	4347	111	149
IS	715	4478	4234	104	140
IS	716	4507	4234	125	148
IS	717	4224	3991	104	129
IS	718	4322	4062	119	141
IS	719	4408	4180	113	115
IS	720	4351	4138	106	107
IS	721	4243	3981	119	143
IS	722	4133	3902	98	133
IS	723	4069	3855	109	105
IS	724	4001	3775	105	121
IS	725	4085	3840	114	131
IS	726	3948	3737	104	107
IS	727	3908	3683	86	139
IS	728	3869	3645	100	124
IS	729	3904	3675	88	141
IS	730	3761	3543	109	109
IS	731	3770	3547	112	111
IS	732	3622	3407	90	125
IS	733	3626	3400	96	130
IS	734	3641	3419	122	100
IS	735	3593	3376	91	126
IS	736	3632	3425	102	105
IS	737	3536	3340	90	106
IS	738	3439	3232	96	111
IS	739	3503	3315	89	99
# Read lengths. Use `grep ^RL | cut -f 2-` to extract this part. The columns are: read length, count
RL	40	279876
RL	41	282922
RL	42	283141
RL	43	279216
RL	44	273156
RL	45	276402
RL	46	277557
RL	47	274674
RL	48	277315
RL	49	276841
RL	50	276060
RL	51	275950
RL	52	279045
RL	53	278465
RL	54	276436
RL	55	273298
RL	56	281632
RL	57	276475
RL	58	259117
RL	59	242637
RL	60	280337
RL	61	258805
RL	62	238507
RL	63	233901
RL	64	234506
RL	65	229003
RL	66	230345
RL	67	229104
RL	68	220073
RL	69	220565
RL	70	221448
RL	71	220776
RL	72	229282
RL	73	225849
RL	74	216692
RL	75	219311
RL	76	217572
RL	77	218099
RL	78	217084
RL	79	217384
RL	80	213253
RL	81	218583
RL	82	215952
RL	83	219148
RL	84	214666
RL	85	218039
RL	86	214547
RL	87	221555
RL	88	216903
RL	89	222522
RL	90	220006
RL	91	226946
RL	92	218823
RL	93	227162
RL	94	231292
RL	95	231284
RL	96	233917
RL	97	250534
RL	98	246814
RL	99	253533
RL	100	259124
RL	101	266504
RL	102	266791
RL	103	271991
RL	104	266502
RL	105	279656
RL	106	279881
RL	107	279842
RL	108	283701
RL	109	290336
RL	110	285313
RL	111	295020
RL	112	294364
RL	113	301012
RL	114	301469
RL	115	312058
RL	116	309438
RL	117	316069
RL	118	315312
RL	119	327358
RL	120	328417
RL	121	338236
RL	122	335361
RL	123	333707
RL	124	342708
RL	125	351008
RL	126	340605
RL	127	346395
RL	128	341962
RL	129	340572
RL	130	344581
RL	131	367283
RL	132	487537
RL	133	1227590
RL	134	7261994
RL	135	65308432
# Read lengths - first fragments. Use `grep ^FRL | cut -f 2-` to extract this part. The columns are: read length, count
FRL	40	74131
FRL	41	74536
FRL	42	74111
FRL	43	72753
FRL	44	71415
FRL	45	71392
FRL	46	70378
FRL	47	69340
FRL	48	70781
FRL	49	70992
FRL	50	72634
FRL	51	72575
FRL	52	71929
FRL	53	71958
FRL	54	71239
FRL	55	70857
FRL	56	78523
FRL	57	74266
FRL	58	70083
FRL	59	67497
FRL	60	83115
FRL	61	77053
FRL	62	71622
FRL	63	71351
FRL	64	69929
FRL	65	71241
FRL	66	71023
FRL	67	70963
FRL	68	71704
FRL	69	72316
FRL	70	73877
FRL	71	73015
FRL	72	80737
FRL	73	76951
FRL	74	76198
FRL	75	76684
FRL	76	75825
FRL	77	74927
FRL	78	74987
FRL	79	77560
FRL	80	80225
FRL	81	79725
FRL	82	79664
FRL	83	80438
FRL	84	76662
FRL	85	76495
FRL	86	77387
FRL	87	76828
FRL	88	76620
FRL	89	77264
FRL	90	77909
FRL	91	78324
FRL	92	79671
FRL	93	79484
FRL	94	81314
FRL	95	81419
FRL	96	82995
FRL	97	84674
FRL	98	85895
FRL	99	87553
FRL	100	89282
FRL	101	90788
FRL	102	91823
FRL	103	92682
FRL	104	92569
FRL	105	94486
FRL	106	98112
FRL	107	99500
FRL	108	102872
FRL	109	105826
FRL	110	110273
FRL	111	113369
FRL	112	119665
FRL	113	122552
FRL	114	126443
FRL	115	131896
FRL	116	135366
FRL	117	136280
FRL	118	138424
FRL	119	144235
FRL	120	145481
FRL	121	147049
FRL	122	148311
FRL	123	149474
FRL	124	150533
FRL	125	150345
FRL	126	151547
FRL	127	150868
FRL	128	151871
FRL	129	155939
FRL	130	157179
FRL	131	169328
FRL	132	231051
FRL	133	578450
FRL	134	3379485
FRL	135	36609865
# Read lengths - last fragments. Use `grep ^LRL | cut -f 2-` to extract this part. The columns are: read length, count
LRL	40	205745
LRL	41	208386
LRL	42	209030
LRL	43	206463
LRL	44	201741
LRL	45	205010
LRL	46	207179
LRL	47	205334
LRL	48	206534
LRL	49	205849
LRL	50	203426
LRL	51	203375
LRL	52	207116
LRL	53	206507
LRL	54	205197
LRL	55	202441
LRL	56	203109
LRL	57	202209
LRL	58	189034
LRL	59	175140
LRL	60	197222
LRL	61	181752
LRL	62	166885
LRL	63	162550
LRL	64	164577
LRL	65	157762
LRL	66	159322
LRL	67	158141
LRL	68	148369
LRL	69	148249
LRL	70	147571
LRL	71	147761
LRL	72	148545
LRL	73	148898
LRL	74	140494
LRL	75	142627
LRL	76	141747
LRL	77	143172
LRL	78	142097
LRL	79	139824
LRL	80	133028
LRL	81	138858
LRL	82	136288
LRL	83	138710
LRL	84	138004
LRL	85	141544
LRL	86	137160
LRL	87	144727
LRL	88	140283
LRL	89	145258
LRL	90	142097
LRL	91	148622
LRL	92	139152
LRL	93	147678
LRL	94	149978
LRL	95	149865
LRL	96	150922
LRL	97	165860
LRL	98	160919
LRL	99	165980
LRL	100	169842
LRL	101	175716
LRL	102	174968
LRL	103	179309
LRL	104	173933
LRL	105	185170
LRL	106	181769
LRL	107	180342
LRL	108	180829
LRL	109	184510
LRL	110	175040
LRL	111	181651
LRL	112	174699
LRL	113	178460
LRL	114	175026
LRL	115	180162
LRL	116	174072
LRL	117	179789
LRL	118	176888
LRL	119	183123
LRL	120	182936
LRL	121	191187
LRL	122	187050
LRL	123	184233
LRL	124	192175
LRL	125	200663
LRL	126	189058
LRL	127	195527
LRL	128	190091
LRL	129	184633
LRL	130	187402
LRL	131	197955
LRL	132	256486
LRL	133	649140
LRL	134	3882509
LRL	135	28698567
# Indel distribution. Use `grep ^ID | cut -f 2-` to extract this part. The columns are: length, number of insertions, number of deletions
ID	1	3539860	3824240
ID	2	1335429	1125906
ID	3	398360	379904
ID	4	538160	519176
ID	5	191105	231126
ID	6	168450	228501
ID	7	58120	84491
ID	8	70523	119170
ID	9	39413	82381
ID	10	51649	96709
ID	11	49513	160028
ID	12	31904	45809
ID	13	10194	19965
ID	14	8879	15564
ID	15	7633	12945
ID	16	5365	12188
ID	17	3579	7134
ID	18	3639	7972
ID	19	2463	5950
ID	20	2689	7468
ID	21	2102	6135
ID	22	3376	12208
ID	23	1112	3509
ID	24	957	3374
ID	25	530	2179
ID	26	475	1747
ID	27	344	1574
ID	28	337	1480
ID	29	211	1180
ID	30	239	1373
ID	31	137	1052
ID	32	137	1062
ID	33	129	1338
ID	34	73	743
ID	35	26	600
ID	36	19	707
ID	37	21	521
ID	38	20	517
ID	39	12	456
ID	40	5	447
ID	41	2	379
ID	42	2	435
ID	43	0	322
ID	44	0	436
ID	45	0	271
ID	46	0	231
ID	47	0	210
ID	48	0	201
ID	49	0	145
ID	50	0	144
ID	51	0	116
ID	52	0	144
ID	53	0	101
ID	54	0	64
ID	55	0	75
ID	56	0	65
ID	57	0	49
ID	58	0	39
ID	59	0	20
ID	60	0	25
ID	61	0	8
ID	62	0	3
ID	63	0	3
ID	66	0	1
# Indels per cycle. Use `grep ^IC | cut -f 2-` to extract this part. The columns are: cycle, number of insertions (fwd), .. (rev) , number of deletions (fwd), .. (rev)
IC	1	23	19	6	17
IC	2	6	5	17	19
IC	3	6	6	14396	17521
IC	4	35878	16782	17901	21477
IC	5	63730	18286	18083	18090
IC	6	28680	17426	12060	18239
IC	7	11382	17932	8704	18121
IC	8	6855	17189	11145	23539
IC	9	8702	22876	11274	24318
IC	10	9148	22989	10927	24194
IC	11	10356	23732	11232	24805
IC	12	10926	23221	13121	25124
IC	13	12213	24995	15723	27350
IC	14	13582	26950	16922	29164
IC	15	16342	29221	19292	27208
IC	16	18258	27957	20821	28517
IC	17	20260	28259	23949	28468
IC	18	22616	28096	25485	30466
IC	19	24358	30402	28077	32061
IC	20	26181	31263	30653	34068
IC	21	28200	33522	31486	31371
IC	22	29895	31204	31832	33027
IC	23	31602	32786	33930	32212
IC	24	32907	31900	34988	33875
IC	25	34793	32259	36465	34188
IC	26	36342	32239	36247	33588
IC	27	37773	34341	37267	33354
IC	28	36849	32635	38075	34337
IC	29	39008	33663	39268	33948
IC	30	39797	32465	39685	35815
IC	31	40618	33060	40154	34269
IC	32	40536	32805	40279	34837
IC	33	40739	33858	40314	33804
IC	34	41054	32196	40430	33755
IC	35	41394	31852	41374	33772
IC	36	41252	30800	40862	35213
IC	37	41807	31877	41474	33560
IC	38	42200	30641	41243	34309
IC	39	42185	31575	42064	32701
IC	40	42032	30282	42179	34867
IC	41	41688	30556	42113	33360
IC	42	42212	29156	41999	33552
IC	43	43238	29782	42724	32289
IC	44	42003	29189	42123	33045
IC	45	41965	30388	42845	31148
IC	46	41495	27945	42149	32252
IC	47	41277	27217	42451	30663
IC	48	41312	26453	41982	31115
IC	49	40836	26969	42405	29654
IC	50	41528	26521	42271	30285
IC	51	41337	26680	42466	29362
IC	52	40947	25296	41911	31156
IC	53	40928	25885	42388	28936
IC	54	41366	25304	41637	28912
IC	55	41340	25206	42392	28144
IC	56	41914	25668	41638	28289
IC	57	40953	24252	41433	27255
IC	58	40542	23402	41103	27961
IC	59	40550	23812	41879	26686
IC	60	40722	22382	41348	26788
IC	61	40928	22613	41306	25745
IC	62	41295	22363	40492	27048
IC	63	39802	23271	41080	26303
IC	64	39680	22043	40657	26105
IC	65	39431	21972	40863	24547
IC	66	39644	20950	40465	25092
IC	67	39519	21275	40629	24146
IC	68	39132	20365	39841	24688
IC	69	38269	21091	40135	23540
IC	70	38176	19877	39501	23975
IC	71	37301	19819	39173	22954
IC	72	37636	19260	38377	23396
IC	73	37250	19699	39132	23250
IC	74	37409	19464	38460	23250
IC	75	37303	19904	38721	22033
IC	76	37269	18793	38140	22320
IC	77	36249	18526	37960	21312
IC	78	36178	17965	37340	21490
IC	79	35930	17788	37968	20915
IC	80	35830	17573	37295	21580
IC	81	35958	17739	36854	20955
IC	82	34784	17279	36181	20575
IC	83	34329	16951	36806	20202
IC	84	34918	16915	35718	20414
IC	85	33698	16888	36390	20329
IC	86	33565	16371	35192	19949
IC	87	33305	16679	35084	19448
IC	88	32717	16025	34696	19470
IC	89	31847	15732	34887	18785
IC	90	32265	15394	34163	18263
IC	91	31423	15361	34045	18366
IC	92	30857	15113	32674	18288
IC	93	30463	14923	33438	18115
IC	94	30491	14614	32761	17756
IC	95	29516	14562	32740	17755
IC	96	29980	14704	31426	17214
IC	97	29316	13988	31785	17290
IC	98	29161	13999	30802	16663
IC	99	28365	13626	30639	16677
IC	100	27797	13373	29920	16610
IC	101	27552	13241	30224	16023
IC	102	27070	13016	29487	15696
IC	103	26650	12846	29072	15576
IC	104	26124	12752	28243	15748
IC	105	25482	12894	28489	15125
IC	106	25006	12441	27645	15068
IC	107	24570	12177	27583	14611
IC	108	24191	11901	26643	14543
IC	109	24055	11924	26573	14367
IC	110	23575	11458	26062	14138
IC	111	22801	11496	25664	13726
IC	112	21933	11188	24278	13420
IC	113	21234	10893	24531	13484
IC	114	21275	10829	23882	12954
IC	115	20515	10447	23686	13075
IC	116	19703	10217	22803	12809
IC	117	19079	10318	22638	12444
IC	118	18518	9669	21628	12171
IC	119	17779	9525	21242	11812
IC	120	17327	9562	20293	11529
IC	121	16852	9164	19951	11442
IC	122	16029	8732	18658	11034
IC	123	14939	8762	18107	10497
IC	124	14260	7719	17044	10277
IC	125	13028	7398	16951	9901
IC	126	11920	7503	15545	9394
IC	127	10765	6077	14676	8787
IC	128	9494	5244	13276	8195
IC	129	8573	5301	12362	7671
IC	130	8524	4876	12425	7191
IC	131	6903	4020	10410	6028
IC	132	6316	3460	7796	4061
IC	133	0	0	4	1
IC	134	1	0	14	3
# Coverage distribution. Use `grep ^COV | cut -f 2-` to extract this part.
COV	[1-1]	1	103
# GC-depth. Use `grep ^GCD | cut -f 2-` to extract this part. The columns are: GC%, unique sequence percentiles, 10th, 25th, 50th, 75th and 90th depth percentile
GCD	0.0	66.667	0.000	0.000	0.000	0.000	0.000
GCD	0.5	100.000	0.006	0.006	0.006	0.006	0.006
