# This file was produced by samtools stats (1.9+htslib-1.9) and can be plotted using plot-bamstats
# This file contains statistics for all reads.
# The command line was:  stats 4717-JW-0008_S5_L007.bam
# CHK, Checksum	[2]Read Names	[3]Sequences	[4]Qualities
# CHK, CRC32 of reads which passed filtering followed by addition (32bit overflow)
CHK	8ac7f57b	49a76272	002eb4fb
# Summary Numbers. Use `grep ^SN | cut -f 2-` to extract this part.
SN	raw total sequences:	186558742
SN	filtered sequences:	0
SN	sequences:	186558742
SN	is sorted:	0
SN	1st fragments:	93279371
SN	last fragments:	93279371
SN	reads mapped:	180261718
SN	reads mapped and paired:	178482146	# paired-end technology bit set + both mates mapped
SN	reads unmapped:	6297024
SN	reads properly paired:	161353490	# proper-pair bit set
SN	reads paired:	186558742	# paired-end technology bit set
SN	reads duplicated:	0	# PCR or optical duplicate bit set
SN	reads MQ0:	15201016	# mapped and MQ=0
SN	reads QC failed:	0
SN	non-primary alignments:	0
SN	total length:	23487726456	# ignores clipping
SN	total first fragment length:	12070171790	# ignores clipping
SN	total last fragment length:	11417554666	# ignores clipping
SN	bases mapped:	22906573662	# ignores clipping
SN	bases mapped (cigar):	21539417555	# more accurate
SN	bases trimmed:	0
SN	bases duplicated:	0
SN	mismatches:	243269481	# from NM fields
SN	error rate:	1.129415e-02	# mismatches / bases mapped (cigar)
SN	average length:	125
SN	average first fragment length:	129
SN	average last fragment length:	122
SN	maximum length:	135
SN	maximum first fragment length:	135
SN	maximum last fragment length:	135
SN	average quality:	38.8
SN	insert size average:	262.5
SN	insert size standard deviation:	121.8
SN	inward oriented pairs:	77159461
SN	outward oriented pairs:	6704252
SN	pairs with other orientation:	5124289
SN	pairs on different chromosomes:	4329878
SN	percentage of properly paired reads (%):	86.5
# First Fragment Qualities. Use `grep ^FFQ | cut -f 2-` to extract this part.
# Columns correspond to qualities and rows to cycles. First column is the cycle number.
FFQ	1	0	0	0	0	0	0	0	0	0	0	0	0	444104	0	0	0	0	0	0	0	0	0	328382	0	0	0	0	703915	0	0	0	0	2353319	0	0	0	0	5935181	0	0	0	83514470	0
FFQ	2	0	0	0	0	0	0	0	0	0	0	0	0	487654	0	0	0	0	0	0	0	0	0	365588	0	0	0	0	734746	0	0	0	0	2384769	0	0	0	0	6035569	0	0	0	83271045	0
FFQ	3	0	0	0	0	0	0	0	0	0	0	0	0	453486	0	0	0	0	0	0	0	0	0	391555	0	0	0	0	740501	0	0	0	0	2294665	0	0	0	0	5899399	0	0	0	83499765	0
FFQ	4	0	0	0	0	0	0	0	0	0	0	0	0	481778	0	0	0	0	0	0	0	0	0	491000	0	0	0	0	807909	0	0	0	0	2246402	0	0	0	0	5978758	0	0	0	83273524	0
FFQ	5	0	0	0	0	0	0	0	0	0	0	0	0	445849	0	0	0	0	0	0	0	0	0	503096	0	0	0	0	790446	0	0	0	0	2153812	0	0	0	0	5837185	0	0	0	83548983	0
FFQ	6	0	0	0	0	0	0	0	0	0	0	0	0	450835	0	0	0	0	0	0	0	0	0	493376	0	0	0	0	761189	0	0	0	0	2143799	0	0	0	0	5843642	0	0	0	83586530	0
FFQ	7	0	0	0	0	0	0	0	0	0	0	0	0	490373	0	0	0	0	0	0	0	0	0	501010	0	0	0	0	769710	0	0	0	0	2132598	0	0	0	0	5984001	0	0	0	83401679	0
FFQ	8	0	0	0	0	0	0	0	0	0	0	0	0	499687	0	0	0	0	0	0	0	0	0	520804	0	0	0	0	776917	0	0	0	0	2099986	0	0	0	0	6014116	0	0	0	83367861	0
FFQ	9	0	0	1006	0	0	0	0	0	0	0	0	0	475844	0	0	0	0	0	0	0	0	0	518185	0	0	0	0	780914	0	0	0	0	2071356	0	0	0	0	6009804	0	0	0	83422262	0
FFQ	10	0	0	167	0	0	0	0	0	0	0	0	0	619359	0	0	0	0	0	0	0	0	0	531833	0	0	0	0	832047	0	0	0	0	1986172	0	0	0	0	5998935	0	0	0	83310858	0
FFQ	11	0	0	453	0	0	0	0	0	0	0	0	0	663646	0	0	0	0	0	0	0	0	0	560562	0	0	0	0	889062	0	0	0	0	1963794	0	0	0	0	6062556	0	0	0	83139298	0
FFQ	12	0	0	0	0	0	0	0	0	0	0	0	0	656455	0	0	0	0	0	0	0	0	0	584325	0	0	0	0	978271	0	0	0	0	1918741	0	0	0	0	6108875	0	0	0	83032704	0
FFQ	13	0	0	5	0	0	0	0	0	0	0	0	0	668207	0	0	0	0	0	0	0	0	0	631240	0	0	0	0	1153297	0	0	0	0	1801823	0	0	0	0	6125069	0	0	0	82899730	0
FFQ	14	0	0	106	0	0	0	0	0	0	0	0	0	780867	0	0	0	0	0	0	0	0	0	674697	0	0	0	0	1214946	0	0	0	0	1820730	0	0	0	0	6155025	0	0	0	82633000	0
FFQ	15	0	0	0	0	0	0	0	0	0	0	0	0	690515	0	0	0	0	0	0	0	0	0	691614	0	0	0	0	1271152	0	0	0	0	1790972	0	0	0	0	6123745	0	0	0	82711373	0
FFQ	16	0	0	0	0	0	0	0	0	0	0	0	0	681338	0	0	0	0	0	0	0	0	0	657714	0	0	0	0	1201390	0	0	0	0	1781176	0	0	0	0	6138572	0	0	0	82819181	0
FFQ	17	0	0	3146	0	0	0	0	0	0	0	0	0	686845	0	0	0	0	0	0	0	0	0	651193	0	0	0	0	1194333	0	0	0	0	1763891	0	0	0	0	6067226	0	0	0	82912737	0
FFQ	18	0	0	7	0	0	0	0	0	0	0	0	0	715408	0	0	0	0	0	0	0	0	0	660045	0	0	0	0	1212406	0	0	0	0	1775234	0	0	0	0	6106052	0	0	0	82810219	0
FFQ	19	0	0	0	0	0	0	0	0	0	0	0	0	720640	0	0	0	0	0	0	0	0	0	657199	0	0	0	0	1209039	0	0	0	0	1760127	0	0	0	0	6088042	0	0	0	82844324	0
FFQ	20	0	0	0	0	0	0	0	0	0	0	0	0	750824	0	0	0	0	0	0	0	0	0	674929	0	0	0	0	1232789	0	0	0	0	1792787	0	0	0	0	6160360	0	0	0	82667682	0
FFQ	21	0	0	472	0	0	0	0	0	0	0	0	0	803744	0	0	0	0	0	0	0	0	0	696445	0	0	0	0	1259666	0	0	0	0	1818005	0	0	0	0	6211979	0	0	0	82489060	0
FFQ	22	0	0	0	0	0	0	0	0	0	0	0	0	774722	0	0	0	0	0	0	0	0	0	694067	0	0	0	0	1250743	0	0	0	0	1810174	0	0	0	0	6217274	0	0	0	82532391	0
FFQ	23	0	0	0	0	0	0	0	0	0	0	0	0	811752	0	0	0	0	0	0	0	0	0	708665	0	0	0	0	1266988	0	0	0	0	1830191	0	0	0	0	6254236	0	0	0	82407539	0
FFQ	24	0	0	0	0	0	0	0	0	0	0	0	0	830822	0	0	0	0	0	0	0	0	0	720301	0	0	0	0	1271293	0	0	0	0	1835345	0	0	0	0	6279672	0	0	0	82341938	0
FFQ	25	0	0	0	0	0	0	0	0	0	0	0	0	845896	0	0	0	0	0	0	0	0	0	737935	0	0	0	0	1299113	0	0	0	0	1865306	0	0	0	0	6369004	0	0	0	82162117	0
FFQ	26	0	0	1618	0	0	0	0	0	0	0	0	0	830104	0	0	0	0	0	0	0	0	0	731087	0	0	0	0	1278028	0	0	0	0	1845717	0	0	0	0	6322469	0	0	0	82270348	0
FFQ	27	0	0	0	0	0	0	0	0	0	0	0	0	883435	0	0	0	0	0	0	0	0	0	751127	0	0	0	0	1305902	0	0	0	0	1875804	0	0	0	0	6383175	0	0	0	82079928	0
FFQ	28	0	0	0	0	0	0	0	0	0	0	0	0	916917	0	0	0	0	0	0	0	0	0	764768	0	0	0	0	1328271	0	0	0	0	1887952	0	0	0	0	6431313	0	0	0	81950150	0
FFQ	29	0	0	2899	0	0	0	0	0	0	0	0	0	941315	0	0	0	0	0	0	0	0	0	775325	0	0	0	0	1337095	0	0	0	0	1892216	0	0	0	0	6461717	0	0	0	81868804	0
FFQ	30	0	0	0	0	0	0	0	0	0	0	0	0	943446	0	0	0	0	0	0	0	0	0	782761	0	0	0	0	1347687	0	0	0	0	1903306	0	0	0	0	6515168	0	0	0	81787003	0
FFQ	31	0	0	7452	0	0	0	0	0	0	0	0	0	1012144	0	0	0	0	0	0	0	0	0	813372	0	0	0	0	1387302	0	0	0	0	1944925	0	0	0	0	6612712	0	0	0	81501464	0
FFQ	32	0	0	0	0	0	0	0	0	0	0	0	0	1019142	0	0	0	0	0	0	0	0	0	825098	0	0	0	0	1388658	0	0	0	0	1947948	0	0	0	0	6623892	0	0	0	81474633	0
FFQ	33	0	0	1194	0	0	0	0	0	0	0	0	0	1048012	0	0	0	0	0	0	0	0	0	839282	0	0	0	0	1406734	0	0	0	0	1962105	0	0	0	0	6648072	0	0	0	81373972	0
FFQ	34	0	0	289	0	0	0	0	0	0	0	0	0	1186037	0	0	0	0	0	0	0	0	0	877336	0	0	0	0	1452477	0	0	0	0	1988546	0	0	0	0	6707013	0	0	0	81067673	0
FFQ	35	0	0	569	0	0	0	0	0	0	0	0	0	1109645	0	0	0	0	0	0	0	0	0	900122	0	0	0	0	1510781	0	0	0	0	1998715	0	0	0	0	6765764	0	0	0	80993775	0
FFQ	36	0	0	0	0	0	0	0	0	0	0	0	0	1148043	0	0	0	0	0	0	0	0	0	898306	0	0	0	0	1475935	0	0	0	0	2017235	0	0	0	0	6850963	0	0	0	80888889	0
FFQ	37	0	0	0	0	0	0	0	0	0	0	0	0	1201571	0	0	0	0	0	0	0	0	0	927739	0	0	0	0	1519532	0	0	0	0	2052336	0	0	0	0	6942542	0	0	0	80635651	0
FFQ	38	0	0	0	0	0	0	0	0	0	0	0	0	1219042	0	0	0	0	0	0	0	0	0	928205	0	0	0	0	1516405	0	0	0	0	2046278	0	0	0	0	6903640	0	0	0	80665801	0
FFQ	39	0	0	4	0	0	0	0	0	0	0	0	0	1287035	0	0	0	0	0	0	0	0	0	945102	0	0	0	0	1539568	0	0	0	0	2076510	0	0	0	0	6914625	0	0	0	80516527	0
FFQ	40	0	0	1145	0	0	0	0	0	0	0	0	0	1281542	0	0	0	0	0	0	0	0	0	993504	0	0	0	0	1553774	0	0	0	0	2088965	0	0	0	0	6956460	0	0	0	80403981	0
FFQ	41	0	0	0	0	0	0	0	0	0	0	0	0	1276606	0	0	0	0	0	0	0	0	0	989711	0	0	0	0	1544872	0	0	0	0	2095564	0	0	0	0	6927723	0	0	0	80343408	0
FFQ	42	0	0	0	0	0	0	0	0	0	0	0	0	1315789	0	0	0	0	0	0	0	0	0	999141	0	0	0	0	1565515	0	0	0	0	2140339	0	0	0	0	6971605	0	0	0	80084414	0
FFQ	43	0	0	1745	0	0	0	0	0	0	0	0	0	1328084	0	0	0	0	0	0	0	0	0	1012650	0	0	0	0	1582221	0	0	0	0	2211167	0	0	0	0	6962927	0	0	0	79877573	0
FFQ	44	0	0	0	0	0	0	0	0	0	0	0	0	1424972	0	0	0	0	0	0	0	0	0	1023638	0	0	0	0	1592605	0	0	0	0	2263657	0	0	0	0	6951765	0	0	0	79620273	0
FFQ	45	0	0	0	0	0	0	0	0	0	0	0	0	1323573	0	0	0	0	0	0	0	0	0	1036976	0	0	0	0	1648376	0	0	0	0	2331286	0	0	0	0	6911783	0	0	0	79527603	0
FFQ	46	0	0	4022	0	0	0	0	0	0	0	0	0	1349935	0	0	0	0	0	0	0	0	0	1025299	0	0	0	0	1608067	0	0	0	0	2372623	0	0	0	0	6974505	0	0	0	79347869	0
FFQ	47	0	0	4673	0	0	0	0	0	0	0	0	0	1339254	0	0	0	0	0	0	0	0	0	1018355	0	0	0	0	1592583	0	0	0	0	2404521	0	0	0	0	6847213	0	0	0	79377769	0
FFQ	48	0	0	0	0	0	0	0	0	0	0	0	0	1368186	0	0	0	0	0	0	0	0	0	1029712	0	0	0	0	1606565	0	0	0	0	2449174	0	0	0	0	6862273	0	0	0	79171197	0
FFQ	49	0	0	0	0	0	0	0	0	0	0	0	0	1404109	0	0	0	0	0	0	0	0	0	1046935	0	0	0	0	1628085	0	0	0	0	2484147	0	0	0	0	6927865	0	0	0	78898319	0
FFQ	50	0	0	641	0	0	0	0	0	0	0	0	0	1381512	0	0	0	0	0	0	0	0	0	1037718	0	0	0	0	1621597	0	0	0	0	2497633	0	0	0	0	6914071	0	0	0	78838282	0
FFQ	51	0	0	0	0	0	0	0	0	0	0	0	0	1385009	0	0	0	0	0	0	0	0	0	1039184	0	0	0	0	1628730	0	0	0	0	2497562	0	0	0	0	6939676	0	0	0	78700946	0
FFQ	52	0	0	438	0	0	0	0	0	0	0	0	0	1441915	0	0	0	0	0	0	0	0	0	1061454	0	0	0	0	1655976	0	0	0	0	2532651	0	0	0	0	7021087	0	0	0	78377300	0
FFQ	53	0	0	3357	0	0	0	0	0	0	0	0	0	1411929	0	0	0	0	0	0	0	0	0	1044311	0	0	0	0	1628151	0	0	0	0	2499568	0	0	0	0	6932594	0	0	0	78471576	0
FFQ	54	0	0	141	0	0	0	0	0	0	0	0	0	1454096	0	0	0	0	0	0	0	0	0	1069830	0	0	0	0	1673375	0	0	0	0	2562780	0	0	0	0	7053506	0	0	0	78077176	0
FFQ	55	0	0	0	0	0	0	0	0	0	0	0	0	1518392	0	0	0	0	0	0	0	0	0	1093811	0	0	0	0	1702838	0	0	0	0	2600858	0	0	0	0	7120464	0	0	0	77753907	0
FFQ	56	0	0	671	0	0	0	0	0	0	0	0	0	1458409	0	0	0	0	0	0	0	0	0	1080876	0	0	0	0	1680166	0	0	0	0	2588051	0	0	0	0	7105856	0	0	0	77777027	0
FFQ	57	0	0	0	0	0	0	0	0	0	0	0	0	1457741	0	0	0	0	0	0	0	0	0	1086836	0	0	0	0	1683185	0	0	0	0	2603890	0	0	0	0	7118691	0	0	0	77636745	0
FFQ	58	0	0	125	0	0	0	0	0	0	0	0	0	1502038	0	0	0	0	0	0	0	0	0	1101973	0	0	0	0	1705563	0	0	0	0	2663529	0	0	0	0	7141499	0	0	0	77370533	0
FFQ	59	0	0	228	0	0	0	0	0	0	0	0	0	1490552	0	0	0	0	0	0	0	0	0	1099403	0	0	0	0	1706172	0	0	0	0	2625782	0	0	0	0	7190804	0	0	0	77273943	0
FFQ	60	0	0	1	0	0	0	0	0	0	0	0	0	1494699	0	0	0	0	0	0	0	0	0	1615778	0	0	0	0	2218390	0	0	0	0	4941597	0	0	0	0	12198852	0	0	0	68821211	0
FFQ	61	0	0	0	0	0	0	0	0	0	0	0	0	1475286	0	0	0	0	0	0	0	0	0	1274682	0	0	0	0	1885132	0	0	0	0	3761740	0	0	0	0	8760591	0	0	0	74024179	0
FFQ	62	0	0	0	0	0	0	0	0	0	0	0	0	1449300	0	0	0	0	0	0	0	0	0	1160096	0	0	0	0	1745166	0	0	0	0	3243749	0	0	0	0	7607477	0	0	0	75872029	0
FFQ	63	0	0	0	0	0	0	0	0	0	0	0	0	1440597	0	0	0	0	0	0	0	0	0	1114629	0	0	0	0	1687573	0	0	0	0	3022542	0	0	0	0	7089394	0	0	0	76620734	0
FFQ	64	0	0	0	0	0	0	0	0	0	0	0	0	1533350	0	0	0	0	0	0	0	0	0	1128822	0	0	0	0	1651170	0	0	0	0	2920544	0	0	0	0	6867074	0	0	0	76773508	0
FFQ	65	0	0	947	0	0	0	0	0	0	0	0	0	1457157	0	0	0	0	0	0	0	0	0	1163932	0	0	0	0	1655855	0	0	0	0	2890309	0	0	0	0	6770951	0	0	0	76833603	0
FFQ	66	0	0	412	0	0	0	0	0	0	0	0	0	1432854	0	0	0	0	0	0	0	0	0	1146424	0	0	0	0	1600191	0	0	0	0	2884715	0	0	0	0	6779928	0	0	0	76823888	0
FFQ	67	0	0	1	0	0	0	0	0	0	0	0	0	1493828	0	0	0	0	0	0	0	0	0	1182271	0	0	0	0	1606239	0	0	0	0	2901938	0	0	0	0	6810757	0	0	0	76565938	0
FFQ	68	0	0	8	0	0	0	0	0	0	0	0	0	1471596	0	0	0	0	0	0	0	0	0	1220201	0	0	0	0	1563066	0	0	0	0	2904296	0	0	0	0	6830474	0	0	0	76463897	0
FFQ	69	0	0	0	0	0	0	0	0	0	0	0	0	1464954	0	0	0	0	0	0	0	0	0	1246993	0	0	0	0	1529964	0	0	0	0	2895605	0	0	0	0	6808229	0	0	0	76397529	0
FFQ	70	0	0	0	0	0	0	0	0	0	0	0	0	1450856	0	0	0	0	0	0	0	0	0	1290550	0	0	0	0	1484423	0	0	0	0	2894652	0	0	0	0	6844730	0	0	0	76264796	0
FFQ	71	0	0	829	0	0	0	0	0	0	0	0	0	1507948	0	0	0	0	0	0	0	0	0	1329402	0	0	0	0	1487900	0	0	0	0	2918783	0	0	0	0	6918061	0	0	0	75951464	0
FFQ	72	0	0	1862	0	0	0	0	0	0	0	0	0	1508264	0	0	0	0	0	0	0	0	0	1365881	0	0	0	0	1468204	0	0	0	0	2945900	0	0	0	0	6978404	0	0	0	75729123	0
FFQ	73	0	0	150	0	0	0	0	0	0	0	0	0	1486771	0	0	0	0	0	0	0	0	0	1388604	0	0	0	0	1429908	0	0	0	0	2921637	0	0	0	0	6943437	0	0	0	75697236	0
FFQ	74	0	0	0	0	0	0	0	0	0	0	0	0	1488924	0	0	0	0	0	0	0	0	0	1387614	0	0	0	0	1444733	0	0	0	0	2927718	0	0	0	0	6990066	0	0	0	75507287	0
FFQ	75	0	0	629	0	0	0	0	0	0	0	0	0	1483677	0	0	0	0	0	0	0	0	0	1393686	0	0	0	0	1427389	0	0	0	0	2924042	0	0	0	0	6968533	0	0	0	75427267	0
FFQ	76	0	0	0	0	0	0	0	0	0	0	0	0	1486519	0	0	0	0	0	0	0	0	0	1397852	0	0	0	0	1423810	0	0	0	0	2934128	0	0	0	0	6994787	0	0	0	75266984	0
FFQ	77	0	0	324	0	0	0	0	0	0	0	0	0	1514003	0	0	0	0	0	0	0	0	0	1402119	0	0	0	0	1432191	0	0	0	0	2937789	0	0	0	0	7008725	0	0	0	75089453	0
FFQ	78	0	0	2337	0	0	0	0	0	0	0	0	0	1499670	0	0	0	0	0	0	0	0	0	1408645	0	0	0	0	1434079	0	0	0	0	2956785	0	0	0	0	7028619	0	0	0	74935573	0
FFQ	79	0	0	316	0	0	0	0	0	0	0	0	0	1556713	0	0	0	0	0	0	0	0	0	1425546	0	0	0	0	1457359	0	0	0	0	2983623	0	0	0	0	7084272	0	0	0	74636628	0
FFQ	80	0	0	5460	0	0	0	0	0	0	0	0	0	1602282	0	0	0	0	0	0	0	0	0	1469243	0	0	0	0	1494265	0	0	0	0	3046248	0	0	0	0	7239897	0	0	0	74164147	0
FFQ	81	0	0	557	0	0	0	0	0	0	0	0	0	1587124	0	0	0	0	0	0	0	0	0	1476406	0	0	0	0	1492056	0	0	0	0	3054435	0	0	0	0	7247710	0	0	0	74037526	0
FFQ	82	0	0	0	0	0	0	0	0	0	0	0	0	1533774	0	0	0	0	0	0	0	0	0	1452078	0	0	0	0	1475538	0	0	0	0	3044278	0	0	0	0	7236014	0	0	0	74029086	0
FFQ	83	0	0	0	0	0	0	0	0	0	0	0	0	1570589	0	0	0	0	0	0	0	0	0	1448577	0	0	0	0	1484331	0	0	0	0	3027706	0	0	0	0	7201464	0	0	0	73914442	0
FFQ	84	0	0	0	0	0	0	0	0	0	0	0	0	1580724	0	0	0	0	0	0	0	0	0	1460720	0	0	0	0	1495161	0	0	0	0	3053876	0	0	0	0	7264260	0	0	0	73670973	0
FFQ	85	0	0	0	0	0	0	0	0	0	0	0	0	1565136	0	0	0	0	0	0	0	0	0	1451650	0	0	0	0	1480325	0	0	0	0	3047032	0	0	0	0	7266927	0	0	0	73597271	0
FFQ	86	0	0	436	0	0	0	0	0	0	0	0	0	1544688	0	0	0	0	0	0	0	0	0	1439033	0	0	0	0	1477688	0	0	0	0	3046495	0	0	0	0	7257303	0	0	0	73525356	0
FFQ	87	0	0	58	0	0	0	0	0	0	0	0	0	1572799	0	0	0	0	0	0	0	0	0	1455693	0	0	0	0	1503932	0	0	0	0	3093832	0	0	0	0	7356405	0	0	0	73191519	0
FFQ	88	0	0	1519	0	0	0	0	0	0	0	0	0	1743035	0	0	0	0	0	0	0	0	0	1499541	0	0	0	0	1532933	0	0	0	0	3138105	0	0	0	0	7432367	0	0	0	72709484	0
FFQ	89	0	0	0	0	0	0	0	0	0	0	0	0	1598185	0	0	0	0	0	0	0	0	0	1520441	0	0	0	0	1566945	0	0	0	0	3171437	0	0	0	0	7362979	0	0	0	72721271	0
FFQ	90	0	0	2136	0	0	0	0	0	0	0	0	0	1665757	0	0	0	0	0	0	0	0	0	1533535	0	0	0	0	1568265	0	0	0	0	3285941	0	0	0	0	7568324	0	0	0	72199598	0
FFQ	91	0	0	1084	0	0	0	0	0	0	0	0	0	1652478	0	0	0	0	0	0	0	0	0	1520897	0	0	0	0	1561858	0	0	0	0	3274491	0	0	0	0	7531980	0	0	0	72163515	0
FFQ	92	0	0	0	0	0	0	0	0	0	0	0	0	1664963	0	0	0	0	0	0	0	0	0	1520157	0	0	0	0	1566803	0	0	0	0	3289786	0	0	0	0	7565681	0	0	0	71983245	0
FFQ	93	0	0	1461	0	0	0	0	0	0	0	0	0	1553252	0	0	0	0	0	0	0	0	0	1449787	0	0	0	0	1494744	0	0	0	0	3217930	0	0	0	0	7359235	0	0	0	72399625	0
FFQ	94	0	0	1213	0	0	0	0	0	0	0	0	0	1636178	0	0	0	0	0	0	0	0	0	1502449	0	0	0	0	1560988	0	0	0	0	3332694	0	0	0	0	7508576	0	0	0	71814822	0
FFQ	95	0	0	56	0	0	0	0	0	0	0	0	0	1707639	0	0	0	0	0	0	0	0	0	1535960	0	0	0	0	1593789	0	0	0	0	3376955	0	0	0	0	7604330	0	0	0	71418418	0
FFQ	96	0	0	890	0	0	0	0	0	0	0	0	0	1717468	0	0	0	0	0	0	0	0	0	1554920	0	0	0	0	1600108	0	0	0	0	3406231	0	0	0	0	7610385	0	0	0	71228576	0
FFQ	97	0	0	348	0	0	0	0	0	0	0	0	0	1734661	0	0	0	0	0	0	0	0	0	1573257	0	0	0	0	1628216	0	0	0	0	3466656	0	0	0	0	7701807	0	0	0	70893591	0
FFQ	98	0	0	0	0	0	0	0	0	0	0	0	0	1736799	0	0	0	0	0	0	0	0	0	1579077	0	0	0	0	1627786	0	0	0	0	3494494	0	0	0	0	7758453	0	0	0	70683285	0
FFQ	99	0	0	0	0	0	0	0	0	0	0	0	0	1715529	0	0	0	0	0	0	0	0	0	1566539	0	0	0	0	1628522	0	0	0	0	3488512	0	0	0	0	7692562	0	0	0	70670108	0
FFQ	100	0	0	0	0	0	0	0	0	0	0	0	0	1672056	0	0	0	0	0	0	0	0	0	1547822	0	0	0	0	1614097	0	0	0	0	3457522	0	0	0	0	7763401	0	0	0	70588381	0
FFQ	101	0	0	213	0	0	0	0	0	0	0	0	0	1748618	0	0	0	0	0	0	0	0	0	1579613	0	0	0	0	1644024	0	0	0	0	3489632	0	0	0	0	7965290	0	0	0	70096015	0
FFQ	102	0	0	0	0	0	0	0	0	0	0	0	0	1715544	0	0	0	0	0	0	0	0	0	1582231	0	0	0	0	1641542	0	0	0	0	3486752	0	0	0	0	8175609	0	0	0	69800452	0
FFQ	103	0	0	190	0	0	0	0	0	0	0	0	0	1740370	0	0	0	0	0	0	0	0	0	1598081	0	0	0	0	1659460	0	0	0	0	3516873	0	0	0	0	8359082	0	0	0	69404452	0
FFQ	104	0	0	1645	0	0	0	0	0	0	0	0	0	1791817	0	0	0	0	0	0	0	0	0	1635886	0	0	0	0	1682374	0	0	0	0	3583766	0	0	0	0	8557949	0	0	0	68901858	0
FFQ	105	0	0	33	0	0	0	0	0	0	0	0	0	1751813	0	0	0	0	0	0	0	0	0	1629735	0	0	0	0	1659644	0	0	0	0	3545625	0	0	0	0	8834160	0	0	0	68612561	0
FFQ	106	0	0	0	0	0	0	0	0	0	0	0	0	1708161	0	0	0	0	0	0	0	0	0	1624689	0	0	0	0	1657401	0	0	0	0	3547317	0	0	0	0	9008776	0	0	0	68363320	0
FFQ	107	0	0	146	0	0	0	0	0	0	0	0	0	1755110	0	0	0	0	0	0	0	0	0	1623499	0	0	0	0	1671584	0	0	0	0	3550735	0	0	0	0	9165394	0	0	0	68014755	0
FFQ	108	0	0	0	0	0	0	0	0	0	0	0	0	1805639	0	0	0	0	0	0	0	0	0	1670362	0	0	0	0	1713591	0	0	0	0	3610273	0	0	0	0	9331997	0	0	0	67521765	0
FFQ	109	0	0	610	0	0	0	0	0	0	0	0	0	1812245	0	0	0	0	0	0	0	0	0	1679590	0	0	0	0	1737809	0	0	0	0	3596295	0	0	0	0	9474118	0	0	0	67225915	0
FFQ	110	0	0	688	0	0	0	0	0	0	0	0	0	1783097	0	0	0	0	0	0	0	0	0	1680087	0	0	0	0	1744382	0	0	0	0	3580393	0	0	0	0	9731245	0	0	0	66879818	0
FFQ	111	0	0	0	0	0	0	0	0	0	0	0	0	1805148	0	0	0	0	0	0	0	0	0	1693950	0	0	0	0	1793691	0	0	0	0	3583842	0	0	0	0	9850072	0	0	0	66542922	0
FFQ	112	0	0	1008	0	0	0	0	0	3838	0	0	0	1757479	0	0	0	0	0	0	0	0	0	1673832	0	0	0	0	1857750	0	0	0	0	3468181	0	0	0	0	10262297	0	0	0	66115982	0
FFQ	113	0	0	0	0	0	0	0	0	0	0	0	0	1851914	0	0	0	0	0	0	0	0	0	1727588	0	0	0	0	1907031	0	0	0	0	3520037	0	0	0	0	10461362	0	0	0	65537162	0
FFQ	114	0	0	76	0	0	0	0	0	0	0	0	0	1866031	0	0	0	0	0	0	0	0	0	1758703	0	0	0	0	1957817	0	0	0	0	3542665	0	0	0	0	10643731	0	0	0	65097369	0
FFQ	115	0	0	0	0	0	0	0	0	0	0	0	0	1866133	0	0	0	0	0	0	0	0	0	1751690	0	0	0	0	1965458	0	0	0	0	3530974	0	0	0	0	10778784	0	0	0	64829332	0
FFQ	116	0	0	556	0	0	0	0	0	3594	0	0	0	1910940	0	0	0	0	0	0	0	0	0	1670363	0	0	0	0	1939645	0	0	0	0	3519458	0	0	0	0	10891919	0	0	0	64632536	0
FFQ	117	0	0	1542	0	0	0	0	0	0	0	0	0	1910351	0	0	0	0	0	0	0	0	0	1749210	0	0	0	0	2012065	0	0	0	0	3564205	0	0	0	0	11013455	0	0	0	64164952	0
FFQ	118	0	0	0	0	0	0	0	0	8837	0	0	0	1912888	0	0	0	0	0	0	0	0	0	1582345	0	0	0	0	1941620	0	0	0	0	3536275	0	0	0	0	11111007	0	0	0	64157181	0
FFQ	119	0	0	100	0	0	0	0	0	4423	0	0	0	1967658	0	0	0	0	0	0	0	0	0	1629696	0	0	0	0	2089921	0	0	0	0	3492191	0	0	0	0	11298903	0	0	0	63603680	0
FFQ	120	0	0	1	0	0	0	0	0	4814	0	0	0	2022853	0	0	0	0	0	0	0	0	0	1616765	0	0	0	0	2132133	0	0	0	0	3483765	0	0	0	0	11430155	0	0	0	63226842	0
FFQ	121	0	0	761	0	0	0	0	0	5879	0	0	0	2025628	0	0	0	0	0	0	0	0	0	1567757	0	0	0	0	2165194	0	0	0	0	3413321	0	0	0	0	11535042	0	0	0	63035354	0
FFQ	122	0	0	169	0	0	0	0	0	13507	0	0	0	2031219	0	0	0	0	0	0	0	0	0	1555818	0	0	0	0	2194369	0	0	0	0	3444819	0	0	0	0	11534115	0	0	0	62805886	0
FFQ	123	0	0	0	0	0	0	0	0	35292	0	0	0	2000350	0	0	0	0	0	0	0	0	0	1562702	0	0	0	0	2206413	0	0	0	0	3518482	0	0	0	0	11457974	0	0	0	62626321	0
FFQ	124	0	0	1456	0	0	0	0	0	94496	0	0	0	1950322	0	0	0	0	0	0	0	0	0	1551378	0	0	0	0	2163449	0	0	0	0	3797695	0	0	0	0	11299018	0	0	0	62371094	0
FFQ	125	0	0	0	0	0	0	0	0	65499	0	0	0	2109848	0	0	0	0	0	0	0	0	0	1570033	0	0	0	0	2232928	0	0	0	0	3734836	0	0	0	0	11736693	0	0	0	61592613	0
FFQ	126	0	0	0	0	0	0	0	0	102814	0	0	0	2056499	0	0	0	0	0	0	0	0	0	1608942	0	0	0	0	2249681	0	0	0	0	3971689	0	0	0	0	11671530	0	0	0	61199162	0
FFQ	127	0	0	723	0	0	0	0	0	113556	0	0	0	2096324	0	0	0	0	0	0	0	0	0	1600935	0	0	0	0	2265900	0	0	0	0	4044057	0	0	0	0	11778615	0	0	0	60763448	0
FFQ	128	0	0	589	0	0	0	0	0	212091	0	0	0	1934349	0	0	0	0	0	0	0	0	0	1511937	0	0	0	0	2150780	0	0	0	0	4469769	0	0	0	0	11408625	0	0	0	60773772	0
FFQ	129	0	0	165	0	0	0	0	0	195113	0	0	0	2034176	0	0	0	0	0	0	0	0	0	1480302	0	0	0	0	2175670	0	0	0	0	4417376	0	0	0	0	11555415	0	0	0	60399954	0
FFQ	130	0	0	34	0	0	0	0	0	233844	0	0	0	2033588	0	0	0	0	0	0	0	0	0	1484198	0	0	0	0	2155188	0	0	0	0	4586489	0	0	0	0	11309865	0	0	0	60256001	0
FFQ	131	0	0	1970	0	0	0	0	0	229969	0	0	0	2196470	0	0	0	0	0	0	0	0	0	1621160	0	0	0	0	2231433	0	0	0	0	4658969	0	0	0	0	11400783	0	0	0	59512850	0
FFQ	132	0	0	1408	0	0	0	0	0	256068	0	0	0	2040994	0	0	0	0	0	0	0	0	0	1657239	0	0	0	0	2307045	0	0	0	0	4830975	0	0	0	0	11324178	0	0	0	59211884	0
FFQ	133	0	0	24	0	0	0	0	0	305859	0	0	0	1847155	0	0	0	0	0	0	0	0	0	1621488	0	0	0	0	2351827	0	0	0	0	5118007	0	0	0	0	10772230	0	0	0	59307979	0
FFQ	134	0	0	0	0	0	0	0	0	224610	0	0	0	1370278	0	0	0	0	0	0	0	0	0	1646348	0	0	0	0	2447216	0	0	0	0	5225140	0	0	0	0	10615285	0	0	0	59010693	0
FFQ	135	0	0	0	0	0	0	0	0	0	0	0	0	0	0	0	0	0	0	0	0	0	0	3375936	0	0	0	0	4637615	0	0	0	0	9083035	0	0	0	0	15663362	0	0	0	42840567	0
# Last Fragment Qualities. Use `grep ^LFQ | cut -f 2-` to extract this part.
# Columns correspond to qualities and rows to cycles. First column is the cycle number.
LFQ	1	0	0	0	0	0	0	0	0	0	0	0	0	1384149	0	0	0	0	0	0	0	0	0	1010257	0	0	0	0	1669822	0	0	0	0	2199143	0	0	0	0	7701960	0	0	0	79314040	0
LFQ	2	0	0	2258	0	0	0	0	0	0	0	0	0	1425026	0	0	0	0	0	0	0	0	0	1039676	0	0	0	0	1727221	0	0	0	0	2257595	0	0	0	0	7906740	0	0	0	78920855	0
LFQ	3	0	0	0	0	0	0	0	0	0	0	0	0	1432128	0	0	0	0	0	0	0	0	0	1052881	0	0	0	0	1760547	0	0	0	0	2294367	0	0	0	0	7985407	0	0	0	78754041	0
LFQ	4	0	0	1811	0	0	0	0	0	0	0	0	0	1436223	0	0	0	0	0	0	0	0	0	1061949	0	0	0	0	1797315	0	0	0	0	2331883	0	0	0	0	8139057	0	0	0	78511133	0
LFQ	5	0	0	1271	0	0	0	0	0	0	0	0	0	1407440	0	0	0	0	0	0	0	0	0	1053269	0	0	0	0	1770857	0	0	0	0	2318924	0	0	0	0	8041166	0	0	0	78686444	0
LFQ	6	0	0	0	0	0	0	0	0	0	0	0	0	1402367	0	0	0	0	0	0	0	0	0	1053018	0	0	0	0	1778790	0	0	0	0	2322338	0	0	0	0	8049790	0	0	0	78673068	0
LFQ	7	0	0	0	0	0	0	0	0	0	0	0	0	1405989	0	0	0	0	0	0	0	0	0	1047073	0	0	0	0	1767529	0	0	0	0	2310374	0	0	0	0	8040418	0	0	0	78707988	0
LFQ	8	0	0	1106	0	0	0	0	0	0	0	0	0	1505988	0	0	0	0	0	0	0	0	0	1081268	0	0	0	0	1835635	0	0	0	0	2383985	0	0	0	0	8279686	0	0	0	78191703	0
LFQ	9	0	0	0	0	0	0	0	0	0	0	0	0	1514053	0	0	0	0	0	0	0	0	0	1090766	0	0	0	0	1844395	0	0	0	0	2399265	0	0	0	0	8347495	0	0	0	78083397	0
LFQ	10	0	0	0	0	0	0	0	0	0	0	0	0	1587513	0	0	0	0	0	0	0	0	0	1128937	0	0	0	0	1898478	0	0	0	0	2461494	0	0	0	0	8513368	0	0	0	77689581	0
LFQ	11	0	0	1001	0	0	0	0	0	0	0	0	0	1560748	0	0	0	0	0	0	0	0	0	1136669	0	0	0	0	1887645	0	0	0	0	2455299	0	0	0	0	8437570	0	0	0	77800439	0
LFQ	12	0	0	9376	0	0	0	0	0	0	0	0	0	1508424	0	0	0	0	0	0	0	0	0	1122748	0	0	0	0	1866298	0	0	0	0	2437967	0	0	0	0	8402403	0	0	0	77932155	0
LFQ	13	0	0	0	0	0	0	0	0	0	0	0	0	1610150	0	0	0	0	0	0	0	0	0	1166503	0	0	0	0	1918025	0	0	0	0	2507772	0	0	0	0	8528629	0	0	0	77548292	0
LFQ	14	0	0	0	0	0	0	0	0	0	0	0	0	1717724	0	0	0	0	0	0	0	0	0	1218904	0	0	0	0	1999677	0	0	0	0	2592256	0	0	0	0	8850529	0	0	0	76900281	0
LFQ	15	0	0	2764	0	0	0	0	0	0	0	0	0	1713016	0	0	0	0	0	0	0	0	0	1221127	0	0	0	0	1999685	0	0	0	0	2603682	0	0	0	0	8933978	0	0	0	76805119	0
LFQ	16	0	0	0	0	0	0	0	0	0	0	0	0	1705783	0	0	0	0	0	0	0	0	0	1215755	0	0	0	0	2002394	0	0	0	0	2600779	0	0	0	0	8874538	0	0	0	76880122	0
LFQ	17	0	0	100	0	0	0	0	0	0	0	0	0	1737766	0	0	0	0	0	0	0	0	0	1233763	0	0	0	0	2022247	0	0	0	0	2615698	0	0	0	0	8914111	0	0	0	76755686	0
LFQ	18	0	0	0	0	0	0	0	0	0	0	0	0	1702028	0	0	0	0	0	0	0	0	0	1220755	0	0	0	0	2008578	0	0	0	0	2601927	0	0	0	0	8841165	0	0	0	76904918	0
LFQ	19	0	0	308	0	0	0	0	0	0	0	0	0	1821007	0	0	0	0	0	0	0	0	0	1266415	0	0	0	0	2075950	0	0	0	0	2668157	0	0	0	0	9049652	0	0	0	76397882	0
LFQ	20	0	0	2234	0	0	0	0	0	0	0	0	0	1930336	0	0	0	0	0	0	0	0	0	1313620	0	0	0	0	2147544	0	0	0	0	2744910	0	0	0	0	9322997	0	0	0	75817730	0
LFQ	21	0	0	870	0	0	0	0	0	0	0	0	0	2015262	0	0	0	0	0	0	0	0	0	1349064	0	0	0	0	2170377	0	0	0	0	2761716	0	0	0	0	9338628	0	0	0	75643454	0
LFQ	22	0	0	2192	0	0	0	0	0	0	0	0	0	2003812	0	0	0	0	0	0	0	0	0	1406372	0	0	0	0	2298546	0	0	0	0	2823518	0	0	0	0	9464734	0	0	0	75280197	0
LFQ	23	0	0	550	0	0	0	0	0	0	0	0	0	1983012	0	0	0	0	0	0	0	0	0	1399492	0	0	0	0	2239317	0	0	0	0	2833935	0	0	0	0	9469261	0	0	0	75353804	0
LFQ	24	0	0	4262	0	0	0	0	0	0	0	0	0	2034552	0	0	0	0	0	0	0	0	0	1414474	0	0	0	0	2256718	0	0	0	0	2843550	0	0	0	0	9460160	0	0	0	75265655	0
LFQ	25	0	0	11	0	0	0	0	0	0	0	0	0	2125564	0	0	0	0	0	0	0	0	0	1460812	0	0	0	0	2313616	0	0	0	0	2920055	0	0	0	0	9666970	0	0	0	74792343	0
LFQ	26	0	0	2569	0	0	0	0	0	0	0	0	0	2156407	0	0	0	0	0	0	0	0	0	1475922	0	0	0	0	2347321	0	0	0	0	2967829	0	0	0	0	9767489	0	0	0	74561834	0
LFQ	27	0	0	143	0	0	0	0	0	0	0	0	0	2226087	0	0	0	0	0	0	0	0	0	1490217	0	0	0	0	2366939	0	0	0	0	3002809	0	0	0	0	9836230	0	0	0	74356946	0
LFQ	28	0	0	2014	0	0	0	0	0	0	0	0	0	2320166	0	0	0	0	0	0	0	0	0	1531870	0	0	0	0	2428750	0	0	0	0	3086223	0	0	0	0	9914700	0	0	0	73995648	0
LFQ	29	0	0	0	0	0	0	0	0	0	0	0	0	2294960	0	0	0	0	0	0	0	0	0	1537125	0	0	0	0	2420476	0	0	0	0	3200418	0	0	0	0	9734321	0	0	0	74092071	0
LFQ	30	0	0	4435	0	0	0	0	0	0	0	0	0	2349870	0	0	0	0	0	0	0	0	0	1566576	0	0	0	0	2465309	0	0	0	0	3317952	0	0	0	0	9706650	0	0	0	73868579	0
LFQ	31	0	0	171	0	0	0	0	0	0	0	0	0	2410096	0	0	0	0	0	0	0	0	0	1595683	0	0	0	0	2481067	0	0	0	0	3467240	0	0	0	0	9635212	0	0	0	73689902	0
LFQ	32	0	0	0	0	0	0	0	0	0	0	0	0	2604752	0	0	0	0	0	0	0	0	0	1666230	0	0	0	0	2569196	0	0	0	0	3594381	0	0	0	0	9767459	0	0	0	73077353	0
LFQ	33	0	0	1993	0	0	0	0	0	0	0	0	0	2593238	0	0	0	0	0	0	0	0	0	1691416	0	0	0	0	2570937	0	0	0	0	3655395	0	0	0	0	9769773	0	0	0	72996619	0
LFQ	34	0	0	2474	0	0	0	0	0	0	0	0	0	2700973	0	0	0	0	0	0	0	0	0	1748998	0	0	0	0	2655432	0	0	0	0	3754804	0	0	0	0	9971562	0	0	0	72445128	0
LFQ	35	0	0	752	0	0	0	0	0	0	0	0	0	2751505	0	0	0	0	0	0	0	0	0	1782783	0	0	0	0	2654063	0	0	0	0	3752555	0	0	0	0	9897593	0	0	0	72440120	0
LFQ	36	0	0	7	0	0	0	0	0	0	0	0	0	2749406	0	0	0	0	0	0	0	0	0	1795500	0	0	0	0	2670666	0	0	0	0	3781235	0	0	0	0	9891165	0	0	0	72391392	0
LFQ	37	0	0	1052	0	0	0	0	0	0	0	0	0	2826501	0	0	0	0	0	0	0	0	0	1833314	0	0	0	0	2709294	0	0	0	0	3819708	0	0	0	0	9975124	0	0	0	72114378	0
LFQ	38	0	0	0	0	0	0	0	0	0	0	0	0	3011780	0	0	0	0	0	0	0	0	0	1885094	0	0	0	0	2798133	0	0	0	0	3913712	0	0	0	0	10147956	0	0	0	71522696	0
LFQ	39	0	0	310	0	0	0	0	0	0	0	0	0	3113731	0	0	0	0	0	0	0	0	0	1897088	0	0	0	0	2785895	0	0	0	0	3944581	0	0	0	0	10138221	0	0	0	71399545	0
LFQ	40	0	0	6282	0	0	0	0	0	0	0	0	0	3285592	0	0	0	0	0	0	0	0	0	2069960	0	0	0	0	2904203	0	0	0	0	4133673	0	0	0	0	10236059	0	0	0	70643602	0
LFQ	41	0	0	1797	0	0	0	0	0	0	0	0	0	3147264	0	0	0	0	0	0	0	0	0	2072086	0	0	0	0	2887676	0	0	0	0	4151095	0	0	0	0	10092195	0	0	0	70665905	0
LFQ	42	0	0	650	0	0	0	0	0	0	0	0	0	3044252	0	0	0	0	0	0	0	0	0	2048486	0	0	0	0	2872128	0	0	0	0	4257160	0	0	0	0	9970867	0	0	0	70561297	0
LFQ	43	0	0	840	0	0	0	0	0	0	0	0	0	3066635	0	0	0	0	0	0	0	0	0	2029487	0	0	0	0	2804415	0	0	0	0	4410915	0	0	0	0	9771354	0	0	0	70407728	0
LFQ	44	0	0	343	0	0	0	0	0	0	0	0	0	3293558	0	0	0	0	0	0	0	0	0	2094932	0	0	0	0	2872448	0	0	0	0	4543800	0	0	0	0	9825641	0	0	0	69598354	0
LFQ	45	0	0	4618	0	0	0	0	0	0	0	0	0	3174065	0	0	0	0	0	0	0	0	0	2103537	0	0	0	0	2858700	0	0	0	0	4565539	0	0	0	0	9840850	0	0	0	69430102	0
LFQ	46	0	0	334	0	0	0	0	0	0	0	0	0	3101646	0	0	0	0	0	0	0	0	0	2075778	0	0	0	0	2847615	0	0	0	0	4578852	0	0	0	0	9809834	0	0	0	69306369	0
LFQ	47	0	0	254	0	0	0	0	0	0	0	0	0	3122087	0	0	0	0	0	0	0	0	0	2072552	0	0	0	0	2833801	0	0	0	0	4560813	0	0	0	0	9778064	0	0	0	69094606	0
LFQ	48	0	0	403	0	0	0	0	0	0	0	0	0	3107361	0	0	0	0	0	0	0	0	0	2066737	0	0	0	0	2816601	0	0	0	0	4539436	0	0	0	0	9730785	0	0	0	68942340	0
LFQ	49	0	0	1255	0	0	0	0	0	0	0	0	0	3098050	0	0	0	0	0	0	0	0	0	2075372	0	0	0	0	2770289	0	0	0	0	4500708	0	0	0	0	9717332	0	0	0	68782474	0
LFQ	50	0	0	806	0	0	0	0	0	0	0	0	0	3225914	0	0	0	0	0	0	0	0	0	2114908	0	0	0	0	2819707	0	0	0	0	4551527	0	0	0	0	9788732	0	0	0	68177253	0
LFQ	51	0	0	190	0	0	0	0	0	0	0	0	0	3212423	0	0	0	0	0	0	0	0	0	2167611	0	0	0	0	2779306	0	0	0	0	4548783	0	0	0	0	9849054	0	0	0	67863464	0
LFQ	52	0	0	0	0	0	0	0	0	0	0	0	0	3183448	0	0	0	0	0	0	0	0	0	2251774	0	0	0	0	2786668	0	0	0	0	4627500	0	0	0	0	9983140	0	0	0	67319376	0
LFQ	53	0	0	23	0	0	0	0	0	0	0	0	0	3105041	0	0	0	0	0	0	0	0	0	2338980	0	0	0	0	2595601	0	0	0	0	4614876	0	0	0	0	9986989	0	0	0	67239617	0
LFQ	54	0	0	1713	0	0	0	0	0	0	0	0	0	3274255	0	0	0	0	0	0	0	0	0	2389368	0	0	0	0	2607282	0	0	0	0	4619097	0	0	0	0	9944683	0	0	0	66767837	0
LFQ	55	0	0	126	0	0	0	0	0	0	0	0	0	3082689	0	0	0	0	0	0	0	0	0	2456428	0	0	0	0	2508279	0	0	0	0	4603874	0	0	0	0	9965183	0	0	0	66712676	0
LFQ	56	0	0	0	0	0	0	0	0	0	0	0	0	3264704	0	0	0	0	0	0	0	0	0	2551930	0	0	0	0	2482815	0	0	0	0	4659143	0	0	0	0	10080553	0	0	0	66015849	0
LFQ	57	0	0	12	0	0	0	0	0	0	0	0	0	3095211	0	0	0	0	0	0	0	0	0	2506362	0	0	0	0	2487213	0	0	0	0	4674797	0	0	0	0	10116685	0	0	0	65891671	0
LFQ	58	0	0	463	0	0	0	0	0	0	0	0	0	3075604	0	0	0	0	0	0	0	0	0	2557266	0	0	0	0	2391909	0	0	0	0	4656840	0	0	0	0	10127229	0	0	0	65681792	0
LFQ	59	0	0	1829	0	0	0	0	0	0	0	0	0	3103573	0	0	0	0	0	0	0	0	0	2326719	0	0	0	0	2631444	0	0	0	0	4663957	0	0	0	0	10098423	0	0	0	65396109	0
LFQ	60	0	0	256	0	0	0	0	0	0	0	0	0	3021461	0	0	0	0	0	0	0	0	0	3936777	0	0	0	0	2808511	0	0	0	0	7372441	0	0	0	0	16091452	0	0	0	54744956	0
LFQ	61	0	0	225	0	0	0	0	0	0	0	0	0	2919944	0	0	0	0	0	0	0	0	0	2947036	0	0	0	0	2437458	0	0	0	0	5728550	0	0	0	0	12394274	0	0	0	61261840	0
LFQ	62	0	0	848	0	0	0	0	0	0	0	0	0	2902239	0	0	0	0	0	0	0	0	0	2607081	0	0	0	0	2310354	0	0	0	0	4935719	0	0	0	0	10810599	0	0	0	63853285	0
LFQ	63	0	0	91	0	0	0	0	0	0	0	0	0	2823589	0	0	0	0	0	0	0	0	0	2447708	0	0	0	0	2211473	0	0	0	0	4570154	0	0	0	0	10121507	0	0	0	64998275	0
LFQ	64	0	0	894	0	0	0	0	0	0	0	0	0	2862355	0	0	0	0	0	0	0	0	0	2411297	0	0	0	0	2177488	0	0	0	0	4428285	0	0	0	0	9802490	0	0	0	65249934	0
LFQ	65	0	0	236	0	0	0	0	0	0	0	0	0	2662954	0	0	0	0	0	0	0	0	0	2354622	0	0	0	0	2149890	0	0	0	0	4302136	0	0	0	0	9542893	0	0	0	65678177	0
LFQ	66	0	0	0	0	0	0	0	0	0	0	0	0	2597138	0	0	0	0	0	0	0	0	0	2273858	0	0	0	0	2087787	0	0	0	0	4219381	0	0	0	0	9366553	0	0	0	65914521	0
LFQ	67	0	0	8252	0	0	0	0	0	0	0	0	0	2587336	0	0	0	0	0	0	0	0	0	2240635	0	0	0	0	2068190	0	0	0	0	4152154	0	0	0	0	9294804	0	0	0	65877581	0
LFQ	68	0	0	1906	0	0	0	0	0	0	0	0	0	2756070	0	0	0	0	0	0	0	0	0	2286153	0	0	0	0	2121121	0	0	0	0	4206877	0	0	0	0	9376532	0	0	0	65245546	0
LFQ	69	0	0	2787	0	0	0	0	0	0	0	0	0	2706991	0	0	0	0	0	0	0	0	0	2316720	0	0	0	0	2122555	0	0	0	0	4271338	0	0	0	0	9515877	0	0	0	64838248	0
LFQ	70	0	0	544	0	0	0	0	0	0	0	0	0	2596123	0	0	0	0	0	0	0	0	0	2259182	0	0	0	0	2103981	0	0	0	0	4273416	0	0	0	0	9444278	0	0	0	64873576	0
LFQ	71	0	0	0	0	0	0	0	0	0	0	0	0	2618097	0	0	0	0	0	0	0	0	0	2240193	0	0	0	0	2112318	0	0	0	0	4283055	0	0	0	0	9426727	0	0	0	64643494	0
LFQ	72	0	0	93	0	0	0	0	0	0	0	0	0	2664651	0	0	0	0	0	0	0	0	0	2260275	0	0	0	0	2112662	0	0	0	0	4320903	0	0	0	0	9381598	0	0	0	64352851	0
LFQ	73	0	0	1917	0	0	0	0	0	0	0	0	0	2731197	0	0	0	0	0	0	0	0	0	2297780	0	0	0	0	2157683	0	0	0	0	4395024	0	0	0	0	9564251	0	0	0	63713171	0
LFQ	74	0	0	0	0	0	0	0	0	0	0	0	0	2860741	0	0	0	0	0	0	0	0	0	2357709	0	0	0	0	2194258	0	0	0	0	4489968	0	0	0	0	9588541	0	0	0	63139422	0
LFQ	75	0	0	0	0	0	0	0	0	0	0	0	0	2714914	0	0	0	0	0	0	0	0	0	2323948	0	0	0	0	2140624	0	0	0	0	4502591	0	0	0	0	9504422	0	0	0	63229625	0
LFQ	76	0	0	2987	0	0	0	0	0	0	0	0	0	2596714	0	0	0	0	0	0	0	0	0	2247110	0	0	0	0	2107032	0	0	0	0	4473610	0	0	0	0	9366050	0	0	0	63404669	0
LFQ	77	0	0	2119	0	0	0	0	0	0	0	0	0	2635844	0	0	0	0	0	0	0	0	0	2262547	0	0	0	0	2136991	0	0	0	0	4532351	0	0	0	0	9473806	0	0	0	62937561	0
LFQ	78	0	0	1763	0	0	0	0	0	0	0	0	0	2671711	0	0	0	0	0	0	0	0	0	2296229	0	0	0	0	2166528	0	0	0	0	4561672	0	0	0	0	9451354	0	0	0	62612458	0
LFQ	79	0	0	406	0	0	0	0	0	0	0	0	0	2767772	0	0	0	0	0	0	0	0	0	2309766	0	0	0	0	2190327	0	0	0	0	4555274	0	0	0	0	9473522	0	0	0	62245624	0
LFQ	80	0	0	179	0	0	0	0	0	0	0	0	0	2900874	0	0	0	0	0	0	0	0	0	2397601	0	0	0	0	2259976	0	0	0	0	4628766	0	0	0	0	9600412	0	0	0	61533014	0
LFQ	81	0	0	92	0	0	0	0	0	0	0	0	0	2788736	0	0	0	0	0	0	0	0	0	2409335	0	0	0	0	2277784	0	0	0	0	4696620	0	0	0	0	9805040	0	0	0	61130398	0
LFQ	82	0	0	1721	0	0	0	0	0	0	0	0	0	2765087	0	0	0	0	0	0	0	0	0	2387269	0	0	0	0	2279790	0	0	0	0	4692643	0	0	0	0	9799801	0	0	0	60961394	0
LFQ	83	0	0	88	0	0	0	0	0	0	0	0	0	2680461	0	0	0	0	0	0	0	0	0	2344905	0	0	0	0	2260104	0	0	0	0	4671239	0	0	0	0	10112821	0	0	0	60599806	0
LFQ	84	0	0	1643	0	0	0	0	0	0	0	0	0	2764808	0	0	0	0	0	0	0	0	0	2343376	0	0	0	0	2266472	0	0	0	0	4654436	0	0	0	0	10179414	0	0	0	60237885	0
LFQ	85	0	0	333	0	0	0	0	0	0	0	0	0	2769417	0	0	0	0	0	0	0	0	0	2373934	0	0	0	0	2297589	0	0	0	0	4719859	0	0	0	0	10308683	0	0	0	59761253	0
LFQ	86	0	0	554	0	0	0	0	0	0	0	0	0	2729618	0	0	0	0	0	0	0	0	0	2378598	0	0	0	0	2224625	0	0	0	0	4647946	0	0	0	0	10963559	0	0	0	59067734	0
LFQ	87	0	0	567	0	0	0	0	0	0	0	0	0	2879112	0	0	0	0	0	0	0	0	0	2383999	0	0	0	0	2232406	0	0	0	0	4640944	0	0	0	0	10852477	0	0	0	58807757	0
LFQ	88	0	0	1338	0	0	0	0	0	5400	0	0	0	2689141	0	0	0	0	0	0	0	0	0	2440297	0	0	0	0	2212288	0	0	0	0	4564864	0	0	0	0	11146266	0	0	0	58523303	0
LFQ	89	0	0	189	0	0	0	0	0	0	0	0	0	2690279	0	0	0	0	0	0	0	0	0	2462074	0	0	0	0	2299355	0	0	0	0	4732787	0	0	0	0	11623162	0	0	0	57556026	0
LFQ	90	0	0	3126	0	0	0	0	0	4905	0	0	0	2606627	0	0	0	0	0	0	0	0	0	2395067	0	0	0	0	2184957	0	0	0	0	4622777	0	0	0	0	11924503	0	0	0	57402570	0
LFQ	91	0	0	762	0	0	0	0	0	6368	0	0	0	2730895	0	0	0	0	0	0	0	0	0	2435835	0	0	0	0	2266331	0	0	0	0	4717652	0	0	0	0	12081849	0	0	0	56683329	0
LFQ	92	0	0	2494	0	0	0	0	0	22411	0	0	0	2760920	0	0	0	0	0	0	0	0	0	2438602	0	0	0	0	2277433	0	0	0	0	4701741	0	0	0	0	12323972	0	0	0	56166753	0
LFQ	93	0	0	594	0	0	0	0	0	10783	0	0	0	2753100	0	0	0	0	0	0	0	0	0	2463204	0	0	0	0	2354077	0	0	0	0	4688689	0	0	0	0	12529020	0	0	0	55674201	0
LFQ	94	0	0	3511	0	0	0	0	0	10827	0	0	0	2798998	0	0	0	0	0	0	0	0	0	2558449	0	0	0	0	2467665	0	0	0	0	4723233	0	0	0	0	12820007	0	0	0	54859347	0
LFQ	95	0	0	908	0	0	0	0	0	10899	0	0	0	2731070	0	0	0	0	0	0	0	0	0	2486516	0	0	0	0	2483678	0	0	0	0	4679669	0	0	0	0	12978401	0	0	0	54644021	0
LFQ	96	0	0	955	0	0	0	0	0	20762	0	0	0	2811372	0	0	0	0	0	0	0	0	0	2481460	0	0	0	0	2558501	0	0	0	0	4640048	0	0	0	0	12995490	0	0	0	54265299	0
LFQ	97	0	0	205	0	0	0	0	0	14788	0	0	0	2760189	0	0	0	0	0	0	0	0	0	2438538	0	0	0	0	2531711	0	0	0	0	4610683	0	0	0	0	13049681	0	0	0	54124376	0
LFQ	98	0	0	0	0	0	0	0	0	11307	0	0	0	2939772	0	0	0	0	0	0	0	0	0	2487752	0	0	0	0	2662121	0	0	0	0	4591643	0	0	0	0	13280829	0	0	0	53289503	0
LFQ	99	0	0	78	0	0	0	0	0	31149	0	0	0	2892157	0	0	0	0	0	0	0	0	0	2464830	0	0	0	0	2690202	0	0	0	0	4672509	0	0	0	0	13342948	0	0	0	52906982	0
LFQ	100	0	0	924	0	0	0	0	0	45386	0	0	0	2954423	0	0	0	0	0	0	0	0	0	2410951	0	0	0	0	2797124	0	0	0	0	4664147	0	0	0	0	13512778	0	0	0	52321757	0
LFQ	101	0	0	0	0	0	0	0	0	40605	0	0	0	2877517	0	0	0	0	0	0	0	0	0	2274058	0	0	0	0	2785971	0	0	0	0	4612096	0	0	0	0	13632368	0	0	0	52204035	0
LFQ	102	0	0	138	0	0	0	0	0	47431	0	0	0	2971201	0	0	0	0	0	0	0	0	0	2246733	0	0	0	0	2848902	0	0	0	0	4524526	0	0	0	0	13675529	0	0	0	51812964	0
LFQ	103	0	0	38	0	0	0	0	0	56240	0	0	0	2956527	0	0	0	0	0	0	0	0	0	2203596	0	0	0	0	2843854	0	0	0	0	4626110	0	0	0	0	13792358	0	0	0	51336152	0
LFQ	104	0	0	683	0	0	0	0	0	92251	0	0	0	3110957	0	0	0	0	0	0	0	0	0	2078098	0	0	0	0	2827495	0	0	0	0	4743978	0	0	0	0	13741900	0	0	0	50904207	0
LFQ	105	0	0	1723	0	0	0	0	0	141938	0	0	0	2900745	0	0	0	0	0	0	0	0	0	2068885	0	0	0	0	2780213	0	0	0	0	4964188	0	0	0	0	13639119	0	0	0	50684177	0
LFQ	106	0	0	1456	0	0	0	0	0	188488	0	0	0	2906791	0	0	0	0	0	0	0	0	0	2106458	0	0	0	0	2787688	0	0	0	0	5118439	0	0	0	0	13600520	0	0	0	50163540	0
LFQ	107	0	0	0	0	0	0	0	0	223862	0	0	0	2879872	0	0	0	0	0	0	0	0	0	2096141	0	0	0	0	2800006	0	0	0	0	5303634	0	0	0	0	13430157	0	0	0	49837274	0
LFQ	108	0	0	3201	0	0	0	0	0	274967	0	0	0	2869246	0	0	0	0	0	0	0	0	0	2157767	0	0	0	0	2770604	0	0	0	0	5494952	0	0	0	0	13271204	0	0	0	49419169	0
LFQ	109	0	0	0	0	0	0	0	0	310228	0	0	0	2687466	0	0	0	0	0	0	0	0	0	2124122	0	0	0	0	2736666	0	0	0	0	5706202	0	0	0	0	13197834	0	0	0	49186772	0
LFQ	110	0	0	450	0	0	0	0	0	414592	0	0	0	2789669	0	0	0	0	0	0	0	0	0	2096859	0	0	0	0	2738502	0	0	0	0	6002779	0	0	0	0	12928356	0	0	0	48659403	0
LFQ	111	0	0	1526	0	0	0	0	0	433633	0	0	0	2544854	0	0	0	0	0	0	0	0	0	2086529	0	0	0	0	2753028	0	0	0	0	6187098	0	0	0	0	12731390	0	0	0	48595919	0
LFQ	112	0	0	0	0	0	0	0	0	496079	0	0	0	2641157	0	0	0	0	0	0	0	0	0	2154159	0	0	0	0	2832121	0	0	0	0	6438327	0	0	0	0	12496382	0	0	0	47956152	0
LFQ	113	0	0	162	0	0	0	0	0	488599	0	0	0	2594985	0	0	0	0	0	0	0	0	0	2195081	0	0	0	0	2861140	0	0	0	0	6534417	0	0	0	0	12543749	0	0	0	47486184	0
LFQ	114	0	0	930	0	0	0	0	0	564227	0	0	0	2649427	0	0	0	0	0	0	0	0	0	2237897	0	0	0	0	2855008	0	0	0	0	6730609	0	0	0	0	12491375	0	0	0	46856317	0
LFQ	115	0	0	71	0	0	0	0	0	543031	0	0	0	2592354	0	0	0	0	0	0	0	0	0	2316798	0	0	0	0	3017486	0	0	0	0	6796259	0	0	0	0	12321741	0	0	0	46483217	0
LFQ	116	0	0	205	0	0	0	0	0	600972	0	0	0	2577432	0	0	0	0	0	0	0	0	0	2345083	0	0	0	0	3103985	0	0	0	0	7058893	0	0	0	0	11997724	0	0	0	46061911	0
LFQ	117	0	0	1809	0	0	0	0	0	583119	0	0	0	2507888	0	0	0	0	0	0	0	0	0	2347870	0	0	0	0	3130905	0	0	0	0	7147328	0	0	0	0	11946990	0	0	0	45769642	0
LFQ	118	0	0	90	0	0	0	0	0	616491	0	0	0	2610393	0	0	0	0	0	0	0	0	0	2409950	0	0	0	0	3359403	0	0	0	0	7188122	0	0	0	0	11629640	0	0	0	45307585	0
LFQ	119	0	0	20	0	0	0	0	0	582974	0	0	0	2455617	0	0	0	0	0	0	0	0	0	2408926	0	0	0	0	3312897	0	0	0	0	7204287	0	0	0	0	11580317	0	0	0	45277635	0
LFQ	120	0	0	2551	0	0	0	0	0	554448	0	0	0	2352396	0	0	0	0	0	0	0	0	0	2382325	0	0	0	0	3632775	0	0	0	0	7053593	0	0	0	0	11102024	0	0	0	45438739	0
LFQ	121	0	0	556	0	0	0	0	0	600552	0	0	0	2546079	0	0	0	0	0	0	0	0	0	2477153	0	0	0	0	3607714	0	0	0	0	7254803	0	0	0	0	11303385	0	0	0	44412600	0
LFQ	122	0	0	2672	0	0	0	0	0	593122	0	0	0	2510020	0	0	0	0	0	0	0	0	0	2521517	0	0	0	0	3804106	0	0	0	0	7104084	0	0	0	0	11435802	0	0	0	43908338	0
LFQ	123	0	0	7	0	0	0	0	0	598719	0	0	0	2569512	0	0	0	0	0	0	0	0	0	2606041	0	0	0	0	3863321	0	0	0	0	7274185	0	0	0	0	11169686	0	0	0	43477477	0
LFQ	124	0	0	1169	0	0	0	0	0	623491	0	0	0	2731956	0	0	0	0	0	0	0	0	0	2724101	0	0	0	0	4020775	0	0	0	0	7394054	0	0	0	0	11555890	0	0	0	42168157	0
LFQ	125	0	0	1479	0	0	0	0	0	575329	0	0	0	2608862	0	0	0	0	0	0	0	0	0	2745293	0	0	0	0	4205492	0	0	0	0	7422529	0	0	0	0	11371923	0	0	0	41966793	0
LFQ	126	0	0	760	0	0	0	0	0	588446	0	0	0	2708923	0	0	0	0	0	0	0	0	0	2765164	0	0	0	0	4360139	0	0	0	0	7299205	0	0	0	0	11556962	0	0	0	41271636	0
LFQ	127	0	0	0	0	0	0	0	0	560862	0	0	0	2644752	0	0	0	0	0	0	0	0	0	2771758	0	0	0	0	4415339	0	0	0	0	7192068	0	0	0	0	11893735	0	0	0	40745862	0
LFQ	128	0	0	731	0	0	0	0	0	597546	0	0	0	2827919	0	0	0	0	0	0	0	0	0	2863401	0	0	0	0	4698879	0	0	0	0	7065405	0	0	0	0	11931258	0	0	0	39895468	0
LFQ	129	0	0	6	0	0	0	0	0	547682	0	0	0	2680198	0	0	0	0	0	0	0	0	0	2872799	0	0	0	0	4746930	0	0	0	0	7110171	0	0	0	0	12087993	0	0	0	39516697	0
LFQ	130	0	0	83	0	0	0	0	0	565217	0	0	0	2741135	0	0	0	0	0	0	0	0	0	2871620	0	0	0	0	4767019	0	0	0	0	7147872	0	0	0	0	12004694	0	0	0	39134257	0
LFQ	131	0	0	3037	0	0	0	0	0	552005	0	0	0	2651429	0	0	0	0	0	0	0	0	0	2830448	0	0	0	0	4764004	0	0	0	0	7185469	0	0	0	0	12144336	0	0	0	38766953	0
LFQ	132	0	0	256	0	0	0	0	0	565851	0	0	0	2744973	0	0	0	0	0	0	0	0	0	2911343	0	0	0	0	4909975	0	0	0	0	7046640	0	0	0	0	12275206	0	0	0	38077141	0
LFQ	133	0	0	3	0	0	0	0	0	554805	0	0	0	2702178	0	0	0	0	0	0	0	0	0	3034942	0	0	0	0	5085864	0	0	0	0	7072947	0	0	0	0	12498437	0	0	0	37088137	0
LFQ	134	0	0	554	0	0	0	0	0	392717	0	0	0	2075345	0	0	0	0	0	0	0	0	0	3138639	0	0	0	0	5264902	0	0	0	0	7164936	0	0	0	0	12624837	0	0	0	36051606	0
LFQ	135	0	0	0	0	0	0	0	0	0	0	0	0	0	0	0	0	0	0	0	0	0	0	6123148	0	0	0	0	8476866	0	0	0	0	9343709	0	0	0	0	12816192	0	0	0	21444613	0
# GC Content of first fragments. Use `grep ^GCF | cut -f 2-` to extract this part.
GCF	0.25	388
GCF	0.75	297
GCF	1.26	305
GCF	1.76	278
GCF	2.26	284
GCF	2.76	352
GCF	3.27	350
GCF	3.77	423
GCF	4.27	509
GCF	4.77	520
GCF	5.28	583
GCF	5.78	718
GCF	6.28	731
GCF	6.78	870
GCF	7.29	1024
GCF	7.79	1045
GCF	8.29	1225
GCF	8.79	1471
GCF	9.30	1516
GCF	9.80	1662
GCF	10.30	1800
GCF	10.80	1870
GCF	11.31	2114
GCF	11.81	2386
GCF	12.31	2501
GCF	12.81	2728
GCF	13.32	3061
GCF	13.82	3220
GCF	14.32	3659
GCF	14.82	4166
GCF	15.33	4757
GCF	15.83	5087
GCF	16.33	6124
GCF	16.83	7344
GCF	17.34	7973
GCF	17.84	10063
GCF	18.34	13427
GCF	18.84	14556
GCF	19.35	19380
GCF	19.85	26019
GCF	20.35	27660
GCF	20.85	37856
GCF	21.36	51134
GCF	21.86	54062
GCF	22.36	74206
GCF	22.86	100745
GCF	23.37	105487
GCF	23.87	143111
GCF	24.37	188125
GCF	24.87	194911
GCF	25.38	255397
GCF	25.88	327004
GCF	26.38	331476
GCF	26.88	421630
GCF	27.39	528390
GCF	27.89	533758
GCF	28.39	666317
GCF	28.89	815011
GCF	29.40	980332
GCF	29.90	994595
GCF	30.40	1181279
GCF	30.90	1373915
GCF	31.41	1388377
GCF	31.91	1595707
GCF	32.41	1795633
GCF	32.91	1809023
GCF	33.42	2001416
GCF	33.92	2184036
GCF	34.42	2196047
GCF	34.92	2363445
GCF	35.43	2505649
GCF	35.93	2516199
GCF	36.43	2630975
GCF	36.93	2719362
GCF	37.44	2727514
GCF	37.94	2800540
GCF	38.44	2837261
GCF	38.94	2843418
GCF	39.45	2859333
GCF	39.95	2852538
GCF	40.45	2859183
GCF	40.95	2834812
GCF	41.46	2798752
GCF	41.96	2804695
GCF	42.46	2749801
GCF	42.96	2681660
GCF	43.47	2603816
GCF	43.97	2617520
GCF	44.47	2538326
GCF	44.97	2433458
GCF	45.48	2442104
GCF	45.98	2333134
GCF	46.48	2233704
GCF	46.98	2251532
GCF	47.49	2180750
GCF	47.99	2151588
GCF	48.49	2203114
GCF	48.99	2247399
GCF	49.50	2371504
GCF	50.00	2508508
GCF	50.50	2483073
GCF	51.01	2253935
GCF	51.51	2188519
GCF	52.01	1965317
GCF	52.51	1830487
GCF	53.02	1801215
GCF	53.52	1702071
GCF	54.02	1618307
GCF	54.52	1607715
GCF	55.03	1542064
GCF	55.53	1478691
GCF	56.03	1477924
GCF	56.53	1414897
GCF	57.04	1358115
GCF	57.54	1296813
GCF	58.04	1290998
GCF	58.54	1231559
GCF	59.05	1167270
GCF	59.55	1157051
GCF	60.05	1091757
GCF	60.55	1016444
GCF	61.06	997487
GCF	61.56	925157
GCF	62.06	849076
GCF	62.56	825301
GCF	63.07	758786
GCF	63.57	692687
GCF	64.07	668716
GCF	64.57	613921
GCF	65.08	560233
GCF	65.58	540441
GCF	66.08	493518
GCF	66.58	448781
GCF	67.09	432227
GCF	67.59	393882
GCF	68.09	356171
GCF	68.59	339756
GCF	69.10	309255
GCF	69.60	279902
GCF	70.10	265241
GCF	70.60	240618
GCF	71.11	220458
GCF	71.61	201198
GCF	72.11	191310
GCF	72.61	174418
GCF	73.12	157756
GCF	73.62	149562
GCF	74.12	137104
GCF	74.62	126314
GCF	75.13	118532
GCF	75.63	108961
GCF	76.13	100168
GCF	76.63	94387
GCF	77.14	86993
GCF	77.64	80311
GCF	78.14	75800
GCF	78.64	69602
GCF	79.15	64014
GCF	79.65	61169
GCF	80.15	56235
GCF	80.65	51258
GCF	81.16	48534
GCF	81.66	44750
GCF	82.16	40679
GCF	82.66	38556
GCF	83.17	34463
GCF	83.67	31246
GCF	84.17	29691
GCF	84.67	26974
GCF	85.18	24038
GCF	85.68	21551
GCF	86.18	20423
GCF	86.68	18553
GCF	87.19	16898
GCF	87.69	15832
GCF	88.19	14410
GCF	88.69	13242
GCF	89.20	12817
GCF	89.70	11903
GCF	90.20	11365
GCF	90.70	10766
GCF	91.21	10385
GCF	91.71	10074
GCF	92.21	9716
GCF	92.71	9323
GCF	93.22	8833
GCF	93.72	8486
GCF	94.22	7969
GCF	94.72	7576
GCF	95.23	7082
GCF	95.73	6482
GCF	96.23	5896
GCF	96.73	5557
GCF	97.24	5053
GCF	97.74	4321
GCF	98.24	3947
GCF	98.74	3611
GCF	99.50	3283
# GC Content of last fragments. Use `grep ^GCL | cut -f 2-` to extract this part.
GCL	0.25	881
GCL	0.75	574
GCL	1.26	554
GCL	1.76	512
GCL	2.26	592
GCL	2.76	722
GCL	3.27	739
GCL	3.77	883
GCL	4.27	1009
GCL	4.77	1084
GCL	5.28	1220
GCL	5.78	1410
GCL	6.28	1514
GCL	6.78	1625
GCL	7.29	2076
GCL	7.79	2184
GCL	8.29	2432
GCL	8.79	2708
GCL	9.30	2895
GCL	9.80	3268
GCL	10.30	3557
GCL	10.80	3758
GCL	11.31	4154
GCL	11.81	4627
GCL	12.31	5015
GCL	12.81	5504
GCL	13.32	6178
GCL	13.82	6674
GCL	14.32	7592
GCL	14.82	9079
GCL	15.33	10378
GCL	15.83	11554
GCL	16.33	13263
GCL	16.83	16148
GCL	17.34	18312
GCL	17.84	22885
GCL	18.34	28429
GCL	18.84	32565
GCL	19.35	41563
GCL	19.85	52078
GCL	20.35	57326
GCL	20.85	73050
GCL	21.36	91885
GCL	21.86	101103
GCL	22.36	130609
GCL	22.86	164823
GCL	23.37	176522
GCL	23.87	223641
GCL	24.37	275188
GCL	24.87	290879
GCL	25.38	363922
GCL	25.88	445211
GCL	26.38	457087
GCL	26.88	562179
GCL	27.39	685244
GCL	27.89	701479
GCL	28.39	844475
GCL	28.89	999496
GCL	29.40	1162526
GCL	29.90	1195690
GCL	30.40	1381297
GCL	30.90	1561745
GCL	31.41	1597298
GCL	31.91	1786732
GCL	32.41	1960853
GCL	32.91	1994593
GCL	33.42	2172481
GCL	33.92	2316221
GCL	34.42	2347685
GCL	34.92	2486894
GCL	35.43	2589605
GCL	35.93	2618266
GCL	36.43	2713515
GCL	36.93	2776916
GCL	37.44	2799505
GCL	37.94	2844850
GCL	38.44	2857584
GCL	38.94	2876526
GCL	39.45	2873883
GCL	39.95	2856237
GCL	40.45	2871611
GCL	40.95	2832291
GCL	41.46	2785612
GCL	41.96	2795572
GCL	42.46	2735925
GCL	42.96	2670290
GCL	43.47	2593738
GCL	43.97	2606495
GCL	44.47	2540080
GCL	44.97	2462187
GCL	45.48	2476482
GCL	45.98	2400147
GCL	46.48	2315552
GCL	46.98	2334419
GCL	47.49	2269877
GCL	47.99	2202343
GCL	48.49	2214526
GCL	48.99	2235020
GCL	49.50	2296249
GCL	50.00	2618465
GCL	50.50	2767514
GCL	51.01	2587808
GCL	51.51	2435127
GCL	52.01	2230213
GCL	52.51	2075319
GCL	53.02	2005553
GCL	53.52	1895897
GCL	54.02	1809214
GCL	54.52	1773952
GCL	55.03	1690848
GCL	55.53	1630546
GCL	56.03	1616058
GCL	56.53	1555376
GCL	57.04	1507457
GCL	57.54	1451494
GCL	58.04	1434727
GCL	58.54	1389546
GCL	59.05	1338794
GCL	59.55	1321476
GCL	60.05	1275028
GCL	60.55	1216367
GCL	61.06	1192296
GCL	61.56	1139503
GCL	62.06	1077684
GCL	62.56	1046292
GCL	63.07	991985
GCL	63.57	933228
GCL	64.07	899450
GCL	64.57	848724
GCL	65.08	795903
GCL	65.58	764236
GCL	66.08	714253
GCL	66.58	665720
GCL	67.09	637635
GCL	67.59	594310
GCL	68.09	544975
GCL	68.59	516472
GCL	69.10	477571
GCL	69.60	438258
GCL	70.10	410032
GCL	70.60	375083
GCL	71.11	349069
GCL	71.61	319554
GCL	72.11	298883
GCL	72.61	275244
GCL	73.12	251346
GCL	73.62	236067
GCL	74.12	219704
GCL	74.62	203939
GCL	75.13	188227
GCL	75.63	172394
GCL	76.13	159055
GCL	76.63	148689
GCL	77.14	137749
GCL	77.64	126923
GCL	78.14	117490
GCL	78.64	107926
GCL	79.15	99972
GCL	79.65	94162
GCL	80.15	86388
GCL	80.65	80091
GCL	81.16	74603
GCL	81.66	69701
GCL	82.16	64490
GCL	82.66	60161
GCL	83.17	54852
GCL	83.67	50774
GCL	84.17	47566
GCL	84.67	43860
GCL	85.18	39692
GCL	85.68	36676
GCL	86.18	34563
GCL	86.68	31983
GCL	87.19	29542
GCL	87.69	27568
GCL	88.19	25612
GCL	88.69	23762
GCL	89.20	22788
GCL	89.70	21792
GCL	90.20	20467
GCL	90.70	19770
GCL	91.21	19476
GCL	91.71	19252
GCL	92.21	19158
GCL	92.71	18990
GCL	93.22	18878
GCL	93.72	19074
GCL	94.22	19543
GCL	94.72	20197
GCL	95.23	20864
GCL	95.73	21768
GCL	96.23	23089
GCL	96.73	24415
GCL	97.24	26138
GCL	97.74	28313
GCL	98.24	31116
GCL	98.74	33847
GCL	99.50	37734
# ACGT content per cycle. Use `grep ^GCC | cut -f 2-` to extract this part. The columns are: cycle; A,C,G,T base counts as a percentage of all A/C/G/T bases [%]; and N and O counts as a percentage of all A/C/G/T bases [%]
GCC	1	25.99	24.07	23.89	26.05	0.00	0.00
GCC	2	26.40	23.71	23.63	26.26	0.00	0.00
GCC	3	26.82	23.16	23.09	26.93	0.00	0.00
GCC	4	28.31	21.99	21.83	27.88	0.00	0.00
GCC	5	26.58	23.51	23.33	26.58	0.00	0.00
GCC	6	28.00	22.24	21.89	27.86	0.00	0.00
GCC	7	29.78	20.41	20.00	29.81	0.00	0.00
GCC	8	29.85	20.15	20.13	29.88	0.00	0.00
GCC	9	27.67	22.35	22.18	27.80	0.00	0.00
GCC	10	27.67	22.54	22.41	27.38	0.00	0.00
GCC	11	26.54	23.49	23.34	26.63	0.00	0.00
GCC	12	26.76	23.47	23.30	26.47	0.01	0.00
GCC	13	26.92	23.22	23.10	26.75	0.00	0.00
GCC	14	28.01	22.14	21.89	27.96	0.00	0.00
GCC	15	27.99	22.19	21.88	27.95	0.00	0.00
GCC	16	28.43	21.79	21.56	28.22	0.00	0.00
GCC	17	27.66	22.57	22.02	27.75	0.00	0.00
GCC	18	28.01	22.26	21.87	27.85	0.00	0.00
GCC	19	27.62	22.54	22.24	27.60	0.00	0.00
GCC	20	27.99	22.05	22.14	27.83	0.00	0.00
GCC	21	27.28	22.77	22.66	27.29	0.00	0.00
GCC	22	27.74	22.50	22.26	27.49	0.00	0.00
GCC	23	27.44	22.79	22.36	27.41	0.00	0.00
GCC	24	28.05	22.20	21.91	27.84	0.00	0.00
GCC	25	27.74	22.44	22.12	27.71	0.00	0.00
GCC	26	28.22	21.91	21.71	28.16	0.00	0.00
GCC	27	27.66	22.41	22.14	27.80	0.00	0.00
GCC	28	28.19	22.06	21.74	28.00	0.00	0.00
GCC	29	27.53	22.66	22.14	27.67	0.00	0.00
GCC	30	27.89	22.29	22.03	27.79	0.00	0.00
GCC	31	27.59	22.57	22.40	27.43	0.00	0.00
GCC	32	28.02	22.03	22.09	27.86	0.00	0.00
GCC	33	27.46	22.62	22.45	27.47	0.00	0.00
GCC	34	27.94	22.29	22.08	27.69	0.00	0.00
GCC	35	27.52	22.72	22.23	27.53	0.00	0.00
GCC	36	28.03	22.17	21.86	27.94	0.00	0.00
GCC	37	27.72	22.50	22.11	27.67	0.00	0.00
GCC	38	28.06	22.04	21.91	27.98	0.00	0.00
GCC	39	27.74	22.45	22.10	27.72	0.00	0.00
GCC	40	28.06	22.20	21.94	27.80	0.00	0.00
GCC	41	27.38	22.78	22.38	27.46	0.00	0.00
GCC	42	27.71	22.43	22.26	27.60	0.00	0.00
GCC	43	27.52	22.61	22.39	27.48	0.00	0.00
GCC	44	28.03	22.07	21.95	27.96	0.00	0.00
GCC	45	27.51	22.64	22.38	27.47	0.00	0.00
GCC	46	28.03	22.24	22.02	27.71	0.00	0.00
GCC	47	27.59	22.62	22.22	27.57	0.00	0.00
GCC	48	28.12	22.13	21.80	27.95	0.00	0.00
GCC	49	27.79	22.41	22.10	27.69	0.00	0.00
GCC	50	28.13	21.95	21.84	28.09	0.00	0.00
GCC	51	27.69	22.49	22.15	27.68	0.00	0.00
GCC	52	28.11	22.14	21.91	27.85	0.00	0.00
GCC	53	27.50	22.67	22.33	27.51	0.00	0.00
GCC	54	27.89	22.23	22.15	27.72	0.00	0.00
GCC	55	27.62	22.52	22.32	27.54	0.00	0.00
GCC	56	28.18	21.94	21.86	28.03	0.00	0.00
GCC	57	27.73	22.41	22.22	27.64	0.00	0.00
GCC	58	28.20	22.09	21.86	27.85	0.00	0.00
GCC	59	27.81	22.40	21.99	27.80	0.00	0.00
GCC	60	28.21	21.97	21.75	28.07	0.00	0.00
GCC	61	27.88	22.29	22.01	27.82	0.00	0.00
GCC	62	28.12	21.94	21.86	28.07	0.00	0.00
GCC	63	27.77	22.30	22.13	27.79	0.00	0.00
GCC	64	28.17	22.02	21.90	27.91	0.00	0.00
GCC	65	27.72	22.47	22.15	27.65	0.00	0.00
GCC	66	28.07	22.12	21.95	27.87	0.00	0.00
GCC	67	27.91	22.26	22.02	27.81	0.00	0.00
GCC	68	28.31	21.75	21.72	28.22	0.00	0.00
GCC	69	27.90	22.22	21.97	27.91	0.00	0.00
GCC	70	28.23	21.92	21.74	28.11	0.00	0.00
GCC	71	27.87	22.28	21.96	27.90	0.00	0.00
GCC	72	28.31	21.83	21.64	28.21	0.00	0.00
GCC	73	27.95	22.22	21.96	27.87	0.00	0.00
GCC	74	28.24	21.80	21.79	28.18	0.00	0.00
GCC	75	27.85	22.21	22.11	27.83	0.00	0.00
GCC	76	28.22	21.92	21.87	27.99	0.00	0.00
GCC	77	27.82	22.31	22.06	27.81	0.00	0.00
GCC	78	28.17	21.95	21.83	28.05	0.00	0.00
GCC	79	28.03	22.11	21.92	27.94	0.00	0.00
GCC	80	28.39	21.69	21.68	28.24	0.00	0.00
GCC	81	28.02	22.10	21.91	27.97	0.00	0.00
GCC	82	28.32	21.85	21.72	28.11	0.00	0.00
GCC	83	28.02	22.12	21.85	28.01	0.00	0.00
GCC	84	28.32	21.80	21.68	28.20	0.00	0.00
GCC	85	28.05	22.04	21.93	27.98	0.00	0.00
GCC	86	28.27	21.75	21.85	28.14	0.00	0.00
GCC	87	27.95	22.08	22.04	27.92	0.00	0.00
GCC	88	28.29	21.85	21.81	28.05	0.00	0.00
GCC	89	28.01	22.11	21.91	27.97	0.00	0.00
GCC	90	28.31	21.80	21.76	28.13	0.00	0.00
GCC	91	28.11	21.98	21.89	28.02	0.00	0.00
GCC	92	28.44	21.61	21.64	28.31	0.00	0.00
GCC	93	28.09	21.98	21.86	28.08	0.00	0.00
GCC	94	28.40	21.74	21.63	28.23	0.00	0.00
GCC	95	28.08	22.02	21.81	28.09	0.00	0.00
GCC	96	28.35	21.70	21.69	28.25	0.00	0.00
GCC	97	28.10	21.93	21.94	28.04	0.00	0.00
GCC	98	28.32	21.63	21.79	28.25	0.00	0.00
GCC	99	28.07	21.92	21.92	28.09	0.00	0.00
GCC	100	28.39	21.71	21.68	28.22	0.00	0.00
GCC	101	28.13	21.95	21.82	28.09	0.00	0.00
GCC	102	28.36	21.70	21.71	28.24	0.00	0.00
GCC	103	28.24	21.80	21.75	28.21	0.00	0.00
GCC	104	28.48	21.52	21.57	28.42	0.00	0.00
GCC	105	28.18	21.83	21.76	28.23	0.00	0.00
GCC	106	28.38	21.66	21.64	28.33	0.00	0.00
GCC	107	28.15	21.85	21.77	28.23	0.00	0.00
GCC	108	28.40	21.58	21.67	28.36	0.00	0.00
GCC	109	28.23	21.75	21.81	28.21	0.00	0.00
GCC	110	28.41	21.56	21.68	28.35	0.00	0.00
GCC	111	28.21	21.78	21.77	28.23	0.00	0.00
GCC	112	28.46	21.60	21.59	28.35	0.00	0.00
GCC	113	28.25	21.77	21.70	28.29	0.00	0.00
GCC	114	28.43	21.58	21.60	28.39	0.00	0.00
GCC	115	28.34	21.66	21.65	28.35	0.00	0.00
GCC	116	28.56	21.42	21.49	28.53	0.00	0.00
GCC	117	28.31	21.68	21.67	28.34	0.00	0.00
GCC	118	28.47	21.55	21.60	28.39	0.00	0.00
GCC	119	28.31	21.68	21.70	28.31	0.00	0.00
GCC	120	28.51	21.46	21.60	28.43	0.00	0.00
GCC	121	28.33	21.65	21.73	28.29	0.00	0.00
GCC	122	28.46	21.50	21.63	28.41	0.00	0.00
GCC	123	28.31	21.68	21.71	28.31	0.00	0.00
GCC	124	28.52	21.51	21.55	28.42	0.00	0.00
GCC	125	28.38	21.62	21.62	28.38	0.00	0.00
GCC	126	28.53	21.44	21.55	28.48	0.00	0.00
GCC	127	28.45	21.52	21.58	28.45	0.00	0.00
GCC	128	28.57	21.39	21.48	28.56	0.00	0.00
GCC	129	28.40	21.54	21.60	28.46	0.00	0.00
GCC	130	28.50	21.47	21.58	28.45	0.00	0.00
GCC	131	28.36	21.57	21.69	28.38	0.00	0.00
GCC	132	28.53	21.42	21.58	28.48	0.00	0.00
GCC	133	28.45	21.50	21.62	28.42	0.00	0.00
GCC	134	28.49	21.45	21.60	28.46	0.00	0.00
GCC	135	27.67	22.25	22.35	27.73	0.00	0.00
# ACGT content per cycle for first fragments. Use `grep ^FBC | cut -f 2-` to extract this part. The columns are: cycle; A,C,G,T base counts as a percentage of all A/C/G/T bases [%]; and N and O counts as a percentage of all A/C/G/T bases [%]
FBC	1	24.64	25.44	25.23	24.69	0.00	0.00
FBC	2	24.38	25.72	25.64	24.27	0.00	0.00
FBC	3	25.86	24.20	24.08	25.85	0.00	0.00
FBC	4	27.68	22.48	22.42	27.42	0.00	0.00
FBC	5	25.64	24.50	24.47	25.39	0.00	0.00
FBC	6	27.79	22.48	22.20	27.54	0.00	0.00
FBC	7	32.05	18.17	17.76	32.02	0.00	0.00
FBC	8	31.23	18.92	18.58	31.27	0.00	0.00
FBC	9	27.94	22.26	21.72	28.07	0.00	0.00
FBC	10	27.23	23.00	22.72	27.05	0.00	0.00
FBC	11	25.89	24.19	24.16	25.77	0.00	0.00
FBC	12	25.46	24.67	24.74	25.13	0.00	0.00
FBC	13	26.28	23.92	23.86	25.94	0.00	0.00
FBC	14	27.49	22.78	22.39	27.34	0.00	0.00
FBC	15	27.99	22.25	21.78	27.98	0.00	0.00
FBC	16	28.34	21.95	21.47	28.25	0.00	0.00
FBC	17	27.94	22.31	21.89	27.86	0.00	0.00
FBC	18	27.93	22.36	21.95	27.75	0.00	0.00
FBC	19	27.74	22.50	22.18	27.58	0.00	0.00
FBC	20	27.63	22.48	22.28	27.61	0.00	0.00
FBC	21	27.37	22.88	22.42	27.33	0.00	0.00
FBC	22	27.53	22.79	22.32	27.36	0.00	0.00
FBC	23	27.51	22.67	22.42	27.41	0.00	0.00
FBC	24	27.86	22.32	22.17	27.65	0.00	0.00
FBC	25	27.95	22.27	22.03	27.75	0.00	0.00
FBC	26	27.94	22.36	21.94	27.76	0.00	0.00
FBC	27	27.53	22.65	22.18	27.63	0.00	0.00
FBC	28	27.84	22.36	22.01	27.80	0.00	0.00
FBC	29	27.86	22.40	21.96	27.78	0.00	0.00
FBC	30	28.01	22.24	21.93	27.82	0.00	0.00
FBC	31	27.85	22.38	22.14	27.63	0.01	0.00
FBC	32	27.87	22.27	22.13	27.73	0.00	0.00
FBC	33	27.65	22.54	22.17	27.64	0.00	0.00
FBC	34	27.70	22.55	22.27	27.48	0.00	0.00
FBC	35	27.61	22.65	22.31	27.44	0.00	0.00
FBC	36	28.02	22.19	21.99	27.80	0.00	0.00
FBC	37	27.91	22.37	22.03	27.69	0.00	0.00
FBC	38	27.81	22.46	22.09	27.64	0.00	0.00
FBC	39	27.68	22.56	22.05	27.71	0.00	0.00
FBC	40	27.93	22.30	21.94	27.83	0.00	0.00
FBC	41	27.77	22.43	22.14	27.66	0.00	0.00
FBC	42	27.91	22.26	22.13	27.70	0.00	0.00
FBC	43	27.76	22.42	22.19	27.64	0.00	0.00
FBC	44	27.93	22.29	22.04	27.74	0.00	0.00
FBC	45	27.60	22.57	22.26	27.57	0.00	0.00
FBC	46	27.77	22.49	22.19	27.55	0.00	0.00
FBC	47	27.74	22.50	22.23	27.54	0.01	0.00
FBC	48	28.11	22.16	21.91	27.82	0.00	0.00
FBC	49	28.07	22.21	21.96	27.75	0.00	0.00
FBC	50	27.98	22.20	21.94	27.88	0.00	0.00
FBC	51	27.82	22.42	22.00	27.77	0.00	0.00
FBC	52	27.99	22.29	21.92	27.81	0.00	0.00
FBC	53	27.83	22.36	22.19	27.63	0.00	0.00
FBC	54	27.94	22.19	22.22	27.65	0.00	0.00
FBC	55	27.85	22.35	22.20	27.60	0.00	0.00
FBC	56	28.06	22.16	22.01	27.77	0.00	0.00
FBC	57	27.75	22.41	22.17	27.67	0.00	0.00
FBC	58	27.97	22.31	22.05	27.68	0.00	0.00
FBC	59	27.97	22.31	22.07	27.64	0.00	0.00
FBC	60	28.19	21.99	21.92	27.90	0.00	0.00
FBC	61	28.11	22.11	21.97	27.81	0.00	0.00
FBC	62	28.03	22.15	21.96	27.86	0.00	0.00
FBC	63	27.82	22.33	22.06	27.80	0.00	0.00
FBC	64	28.11	22.14	21.89	27.87	0.00	0.00
FBC	65	28.03	22.21	22.01	27.75	0.00	0.00
FBC	66	28.13	22.09	22.01	27.77	0.00	0.00
FBC	67	28.02	22.15	22.09	27.74	0.00	0.00
FBC	68	28.09	22.04	21.96	27.90	0.00	0.00
FBC	69	27.85	22.31	22.02	27.82	0.00	0.00
FBC	70	27.96	22.22	22.00	27.82	0.00	0.00
FBC	71	27.96	22.19	22.05	27.80	0.00	0.00
FBC	72	28.29	21.84	21.81	28.07	0.00	0.00
FBC	73	28.23	21.96	21.85	27.96	0.00	0.00
FBC	74	28.17	21.96	21.87	28.00	0.00	0.00
FBC	75	27.91	22.21	21.98	27.90	0.00	0.00
FBC	76	28.11	22.03	21.89	27.96	0.00	0.00
FBC	77	28.00	22.13	22.01	27.86	0.00	0.00
FBC	78	28.11	21.98	22.01	27.90	0.00	0.00
FBC	79	28.04	22.07	22.04	27.85	0.00	0.00
FBC	80	28.16	21.95	21.91	27.99	0.01	0.00
FBC	81	27.99	22.18	21.94	27.89	0.00	0.00
FBC	82	28.09	22.08	21.91	27.92	0.00	0.00
FBC	83	28.06	22.07	21.93	27.94	0.00	0.00
FBC	84	28.32	21.78	21.76	28.14	0.00	0.00
FBC	85	28.22	21.90	21.87	28.01	0.00	0.00
FBC	86	28.18	21.94	21.92	27.97	0.00	0.00
FBC	87	27.96	22.14	22.00	27.90	0.00	0.00
FBC	88	28.15	21.99	21.91	27.95	0.00	0.00
FBC	89	28.07	22.05	22.00	27.88	0.00	0.00
FBC	90	28.20	21.89	21.98	27.93	0.00	0.00
FBC	91	28.11	21.99	22.00	27.89	0.00	0.00
FBC	92	28.24	21.87	21.85	28.04	0.00	0.00
FBC	93	28.06	22.06	21.89	27.99	0.00	0.00
FBC	94	28.19	21.97	21.81	28.03	0.00	0.00
FBC	95	28.13	21.98	21.85	28.03	0.00	0.00
FBC	96	28.34	21.74	21.77	28.16	0.00	0.00
FBC	97	28.23	21.86	21.87	28.04	0.00	0.00
FBC	98	28.21	21.84	21.88	28.06	0.00	0.00
FBC	99	28.02	22.03	21.94	28.01	0.00	0.00
FBC	100	28.20	21.91	21.83	28.06	0.00	0.00
FBC	101	28.11	22.00	21.94	27.96	0.00	0.00
FBC	102	28.25	21.84	21.90	28.01	0.00	0.00
FBC	103	28.20	21.92	21.89	27.98	0.00	0.00
FBC	104	28.31	21.80	21.75	28.14	0.00	0.00
FBC	105	28.10	21.98	21.81	28.11	0.00	0.00
FBC	106	28.22	21.87	21.75	28.16	0.00	0.00
FBC	107	28.16	21.91	21.80	28.13	0.00	0.00
FBC	108	28.37	21.65	21.70	28.28	0.00	0.00
FBC	109	28.27	21.78	21.81	28.14	0.00	0.00
FBC	110	28.29	21.78	21.80	28.13	0.00	0.00
FBC	111	28.10	21.98	21.87	28.05	0.00	0.00
FBC	112	28.23	21.87	21.79	28.11	0.00	0.00
FBC	113	28.19	21.92	21.85	28.05	0.00	0.00
FBC	114	28.31	21.77	21.81	28.11	0.00	0.00
FBC	115	28.27	21.82	21.78	28.13	0.00	0.00
FBC	116	28.40	21.67	21.65	28.28	0.00	0.00
FBC	117	28.22	21.83	21.72	28.23	0.00	0.00
FBC	118	28.33	21.75	21.68	28.23	0.00	0.00
FBC	119	28.29	21.79	21.73	28.19	0.00	0.00
FBC	120	28.46	21.60	21.68	28.27	0.00	0.00
FBC	121	28.32	21.75	21.79	28.13	0.00	0.00
FBC	122	28.29	21.76	21.82	28.12	0.00	0.00
FBC	123	28.12	21.94	21.86	28.08	0.00	0.00
FBC	124	28.31	21.79	21.74	28.16	0.00	0.00
FBC	125	28.27	21.82	21.76	28.15	0.00	0.00
FBC	126	28.40	21.65	21.71	28.24	0.00	0.00
FBC	127	28.34	21.70	21.69	28.27	0.00	0.00
FBC	128	28.48	21.57	21.56	28.39	0.00	0.00
FBC	129	28.31	21.72	21.63	28.34	0.00	0.00
FBC	130	28.37	21.69	21.66	28.28	0.00	0.00
FBC	131	28.27	21.74	21.78	28.21	0.00	0.00
FBC	132	28.46	21.55	21.67	28.32	0.00	0.00
FBC	133	28.37	21.66	21.73	28.25	0.00	0.00
FBC	134	28.34	21.69	21.75	28.22	0.00	0.00
FBC	135	27.89	22.14	22.11	27.86	0.00	0.00
# ACGT content per cycle for last fragments. Use `grep ^LBC | cut -f 2-` to extract this part. The columns are: cycle; A,C,G,T base counts as a percentage of all A/C/G/T bases [%]; and N and O counts as a percentage of all A/C/G/T bases [%]
LBC	1	27.34	22.70	22.55	27.41	0.00	0.00
LBC	2	28.42	21.70	21.63	28.26	0.00	0.00
LBC	3	27.78	22.12	22.09	28.01	0.00	0.00
LBC	4	28.93	21.50	21.24	28.34	0.00	0.00
LBC	5	27.52	22.53	22.19	27.76	0.00	0.00
LBC	6	28.22	22.01	21.59	28.19	0.00	0.00
LBC	7	27.51	22.65	22.24	27.60	0.00	0.00
LBC	8	28.47	21.38	21.67	28.48	0.00	0.00
LBC	9	27.40	22.44	22.63	27.53	0.00	0.00
LBC	10	28.10	22.09	22.11	27.70	0.00	0.00
LBC	11	27.20	22.80	22.52	27.48	0.00	0.00
LBC	12	28.06	22.27	21.86	27.81	0.01	0.00
LBC	13	27.57	22.52	22.34	27.57	0.00	0.00
LBC	14	28.53	21.50	21.40	28.58	0.00	0.00
LBC	15	27.99	22.12	21.98	27.91	0.00	0.00
LBC	16	28.52	21.63	21.65	28.20	0.00	0.00
LBC	17	27.38	22.83	22.14	27.64	0.00	0.00
LBC	18	28.10	22.16	21.79	27.95	0.00	0.00
LBC	19	27.50	22.58	22.30	27.62	0.00	0.00
LBC	20	28.34	21.62	22.00	28.04	0.00	0.00
LBC	21	27.19	22.65	22.90	27.26	0.00	0.00
LBC	22	27.95	22.22	22.20	27.63	0.00	0.00
LBC	23	27.37	22.92	22.30	27.41	0.00	0.00
LBC	24	28.24	22.07	21.65	28.03	0.00	0.00
LBC	25	27.52	22.60	22.21	27.67	0.00	0.00
LBC	26	28.51	21.45	21.48	28.56	0.00	0.00
LBC	27	27.78	22.16	22.09	27.97	0.00	0.00
LBC	28	28.55	21.77	21.47	28.21	0.00	0.00
LBC	29	27.20	22.92	22.31	27.57	0.00	0.00
LBC	30	27.76	22.35	22.13	27.76	0.00	0.00
LBC	31	27.34	22.77	22.67	27.23	0.00	0.00
LBC	32	28.16	21.80	22.04	28.00	0.00	0.00
LBC	33	27.27	22.71	22.74	27.29	0.00	0.00
LBC	34	28.18	22.03	21.89	27.90	0.00	0.00
LBC	35	27.43	22.79	22.16	27.62	0.00	0.00
LBC	36	28.04	22.15	21.72	28.08	0.00	0.00
LBC	37	27.54	22.63	22.19	27.64	0.00	0.00
LBC	38	28.32	21.63	21.74	28.31	0.00	0.00
LBC	39	27.79	22.33	22.15	27.72	0.00	0.00
LBC	40	28.18	22.09	21.94	27.78	0.01	0.00
LBC	41	27.00	23.13	22.61	27.26	0.00	0.00
LBC	42	27.52	22.60	22.39	27.49	0.00	0.00
LBC	43	27.29	22.80	22.59	27.32	0.00	0.00
LBC	44	28.12	21.84	21.86	28.18	0.00	0.00
LBC	45	27.42	22.71	22.50	27.37	0.01	0.00
LBC	46	28.30	21.98	21.84	27.88	0.00	0.00
LBC	47	27.43	22.75	22.22	27.61	0.00	0.00
LBC	48	28.14	22.11	21.68	28.08	0.00	0.00
LBC	49	27.51	22.61	22.24	27.63	0.00	0.00
LBC	50	28.28	21.69	21.73	28.30	0.00	0.00
LBC	51	27.56	22.56	22.30	27.59	0.00	0.00
LBC	52	28.23	21.98	21.90	27.89	0.00	0.00
LBC	53	27.15	22.98	22.48	27.38	0.00	0.00
LBC	54	27.85	22.28	22.09	27.79	0.00	0.00
LBC	55	27.38	22.69	22.45	27.47	0.00	0.00
LBC	56	28.29	21.71	21.70	28.30	0.00	0.00
LBC	57	27.71	22.41	22.28	27.61	0.00	0.00
LBC	58	28.43	21.87	21.67	28.03	0.00	0.00
LBC	59	27.64	22.50	21.90	27.96	0.00	0.00
LBC	60	28.24	21.95	21.57	28.25	0.00	0.00
LBC	61	27.64	22.48	22.05	27.83	0.00	0.00
LBC	62	28.21	21.73	21.76	28.30	0.00	0.00
LBC	63	27.73	22.27	22.21	27.79	0.00	0.00
LBC	64	28.24	21.90	21.91	27.95	0.00	0.00
LBC	65	27.40	22.73	22.31	27.56	0.00	0.00
LBC	66	28.00	22.14	21.89	27.97	0.00	0.00
LBC	67	27.80	22.38	21.94	27.88	0.01	0.00
LBC	68	28.55	21.45	21.46	28.55	0.00	0.00
LBC	69	27.95	22.13	21.91	28.01	0.00	0.00
LBC	70	28.51	21.61	21.46	28.42	0.00	0.00
LBC	71	27.78	22.37	21.86	28.00	0.00	0.00
LBC	72	28.33	21.83	21.47	28.37	0.00	0.00
LBC	73	27.64	22.49	22.08	27.78	0.00	0.00
LBC	74	28.31	21.62	21.70	28.38	0.00	0.00
LBC	75	27.79	22.20	22.25	27.76	0.00	0.00
LBC	76	28.34	21.79	21.85	28.02	0.00	0.00
LBC	77	27.62	22.50	22.12	27.76	0.00	0.00
LBC	78	28.23	21.92	21.64	28.20	0.00	0.00
LBC	79	28.01	22.16	21.79	28.04	0.00	0.00
LBC	80	28.64	21.42	21.43	28.51	0.00	0.00
LBC	81	28.05	22.01	21.87	28.07	0.00	0.00
LBC	82	28.56	21.61	21.52	28.32	0.00	0.00
LBC	83	27.98	22.17	21.77	28.08	0.00	0.00
LBC	84	28.33	21.82	21.58	28.27	0.00	0.00
LBC	85	27.85	22.20	22.00	27.94	0.00	0.00
LBC	86	28.37	21.54	21.78	28.32	0.00	0.00
LBC	87	27.95	22.01	22.09	27.95	0.00	0.00
LBC	88	28.45	21.71	21.69	28.15	0.00	0.00
LBC	89	27.95	22.18	21.81	28.06	0.00	0.00
LBC	90	28.43	21.69	21.53	28.35	0.00	0.00
LBC	91	28.11	21.97	21.77	28.15	0.00	0.00
LBC	92	28.64	21.33	21.41	28.61	0.00	0.00
LBC	93	28.12	21.88	21.83	28.17	0.00	0.00
LBC	94	28.63	21.49	21.43	28.45	0.00	0.00
LBC	95	28.02	22.06	21.77	28.15	0.00	0.00
LBC	96	28.37	21.66	21.61	28.36	0.00	0.00
LBC	97	27.95	22.00	22.01	28.04	0.00	0.00
LBC	98	28.45	21.40	21.70	28.46	0.00	0.00
LBC	99	28.12	21.80	21.90	28.18	0.00	0.00
LBC	100	28.60	21.49	21.52	28.39	0.00	0.00
LBC	101	28.16	21.89	21.70	28.25	0.00	0.00
LBC	102	28.47	21.54	21.49	28.49	0.00	0.00
LBC	103	28.29	21.67	21.58	28.45	0.00	0.00
LBC	104	28.68	21.22	21.37	28.74	0.00	0.00
LBC	105	28.26	21.65	21.71	28.37	0.00	0.00
LBC	106	28.56	21.43	21.51	28.51	0.00	0.00
LBC	107	28.15	21.78	21.73	28.34	0.00	0.00
LBC	108	28.42	21.49	21.64	28.45	0.00	0.00
LBC	109	28.18	21.72	21.81	28.29	0.00	0.00
LBC	110	28.55	21.30	21.55	28.60	0.00	0.00
LBC	111	28.35	21.56	21.66	28.44	0.00	0.00
LBC	112	28.71	21.30	21.37	28.62	0.00	0.00
LBC	113	28.32	21.59	21.52	28.56	0.00	0.00
LBC	114	28.57	21.35	21.37	28.71	0.00	0.00
LBC	115	28.42	21.48	21.51	28.60	0.00	0.00
LBC	116	28.74	21.13	21.31	28.81	0.00	0.00
LBC	117	28.41	21.50	21.62	28.47	0.00	0.00
LBC	118	28.62	21.31	21.50	28.57	0.00	0.00
LBC	119	28.33	21.55	21.66	28.46	0.00	0.00
LBC	120	28.57	21.31	21.52	28.61	0.00	0.00
LBC	121	28.33	21.53	21.67	28.47	0.00	0.00
LBC	122	28.65	21.20	21.41	28.75	0.00	0.00
LBC	123	28.53	21.37	21.52	28.58	0.00	0.00
LBC	124	28.78	21.17	21.34	28.71	0.00	0.00
LBC	125	28.52	21.38	21.46	28.65	0.00	0.00
LBC	126	28.69	21.18	21.36	28.77	0.00	0.00
LBC	127	28.57	21.32	21.45	28.66	0.00	0.00
LBC	128	28.68	21.19	21.39	28.75	0.00	0.00
LBC	129	28.50	21.33	21.55	28.61	0.00	0.00
LBC	130	28.65	21.21	21.49	28.66	0.00	0.00
LBC	131	28.45	21.38	21.59	28.58	0.00	0.00
LBC	132	28.60	21.27	21.46	28.66	0.00	0.00
LBC	133	28.54	21.32	21.50	28.64	0.00	0.00
LBC	134	28.66	21.17	21.42	28.75	0.00	0.00
LBC	135	27.38	22.40	22.67	27.55	0.00	0.00
# Insert sizes. Use `grep ^IS | cut -f 2-` to extract this part. The columns are: insert size, pairs total, inward oriented pairs, outward oriented pairs, other pairs
IS	0	20491	0	4506	15985
IS	1	0	0	0	0
IS	2	23343	0	16487	6856
IS	3	23374	0	17456	5918
IS	4	23307	0	17455	5852
IS	5	23829	0	17600	6229
IS	6	24759	0	18080	6679
IS	7	26489	0	19421	7068
IS	8	26640	0	19709	6931
IS	9	27179	0	20435	6744
IS	10	28025	0	21294	6731
IS	11	28996	0	22249	6747
IS	12	31519	0	24626	6893
IS	13	33202	0	25980	7222
IS	14	34665	0	25978	8687
IS	15	41600	0	25742	15858
IS	16	51203	0	25263	25940
IS	17	74083	0	27505	46578
IS	18	49374	0	33184	16190
IS	19	344527	137237	197657	9633
IS	20	305388	121096	175005	9287
IS	21	191078	73431	105046	12601
IS	22	215576	65779	132762	17035
IS	23	149398	39691	93336	16371
IS	24	100696	28897	61088	10711
IS	25	80200	22518	49096	8586
IS	26	71816	18775	44907	8134
IS	27	68953	17776	43254	7923
IS	28	72429	19131	45551	7747
IS	29	67632	16739	42894	7999
IS	30	71513	19301	44128	8084
IS	31	75687	20988	46303	8396
IS	32	73386	19634	45131	8621
IS	33	73681	19420	45360	8901
IS	34	74582	20096	45595	8891
IS	35	74547	19421	46209	8917
IS	36	77377	21238	47112	9027
IS	37	78641	20882	48645	9114
IS	38	81387	22722	49530	9135
IS	39	81887	22917	49910	9060
IS	40	78851	21190	48553	9108
IS	41	81343	22510	49459	9374
IS	42	82339	23292	49839	9208
IS	43	84902	24467	51204	9231
IS	44	87723	26438	52034	9251
IS	45	91958	29039	53549	9370
IS	46	91773	29387	52812	9574
IS	47	96831	34000	53290	9541
IS	48	91424	29702	52168	9554
IS	49	90160	28573	51838	9749
IS	50	92980	29630	53477	9873
IS	51	93700	29133	54743	9824
IS	52	93703	30010	53642	10051
IS	53	96664	31506	55015	10143
IS	54	92712	30168	52337	10207
IS	55	91642	29287	51893	10462
IS	56	93822	29977	53343	10502
IS	57	93699	32686	50193	10820
IS	58	92955	31630	50437	10888
IS	59	93509	32505	50020	10984
IS	60	90330	30846	48560	10924
IS	61	89437	30680	47378	11379
IS	62	95884	34801	49925	11158
IS	63	93742	34051	48385	11306
IS	64	89926	31567	46809	11550
IS	65	90315	32118	46806	11391
IS	66	90696	32086	47223	11387
IS	67	93610	33455	48422	11733
IS	68	91275	33290	46311	11674
IS	69	89422	32802	44836	11784
IS	70	94753	36993	45899	11861
IS	71	92223	34917	45500	11806
IS	72	91737	34770	44849	12118
IS	73	91701	34829	44671	12201
IS	74	92859	35158	45342	12359
IS	75	92216	35612	44410	12194
IS	76	92382	35731	44184	12467
IS	77	91312	36192	42719	12401
IS	78	92494	36450	43515	12529
IS	79	93212	37902	42768	12542
IS	80	92288	37430	42160	12698
IS	81	91761	37088	41708	12965
IS	82	92930	38310	41599	13021
IS	83	94951	39508	42504	12939
IS	84	91292	38159	40207	12926
IS	85	91289	38250	40060	12979
IS	86	91749	38427	39859	13463
IS	87	91504	38680	39445	13379
IS	88	92121	39643	38870	13608
IS	89	90153	38706	38108	13339
IS	90	92375	40003	38388	13984
IS	91	90835	39034	37999	13802
IS	92	92144	40304	38095	13745
IS	93	91411	40297	37153	13961
IS	94	92123	40707	37256	14160
IS	95	94887	41802	39110	13975
IS	96	91186	40394	36630	14162
IS	97	94492	42204	38052	14236
IS	98	95726	43082	38347	14297
IS	99	94939	42983	37579	14377
IS	100	95665	43720	37500	14445
IS	101	102087	48151	39356	14580
IS	102	108338	52067	41597	14674
IS	103	118842	58012	46059	14771
IS	104	130449	65566	49818	15065
IS	105	126012	64417	46750	14845
IS	106	132044	68608	48251	15185
IS	107	133990	69691	49266	15033
IS	108	137242	70749	51461	15032
IS	109	140081	71791	52999	15291
IS	110	142500	73919	53366	15215
IS	111	132006	68291	48191	15524
IS	112	131326	68941	46957	15428
IS	113	133003	69439	48184	15380
IS	114	138803	72774	50277	15752
IS	115	142526	74207	52933	15386
IS	116	144452	76127	52466	15859
IS	117	135230	72585	47007	15638
IS	118	131881	70905	45133	15843
IS	119	133803	71870	46122	15811
IS	120	136186	73383	46765	16038
IS	121	140225	75849	48424	15952
IS	122	140982	78278	46636	16068
IS	123	130814	73339	41375	16100
IS	124	129208	73528	39414	16266
IS	125	130652	75235	38980	16437
IS	126	132912	77919	38926	16067
IS	127	135701	81494	37756	16451
IS	128	136691	85758	34686	16247
IS	129	127732	81994	29291	16447
IS	130	127906	86997	24250	16659
IS	131	128751	90546	21826	16379
IS	132	129756	91793	21217	16746
IS	133	131952	90425	25031	16496
IS	134	133485	85243	31511	16731
IS	135	127789	98392	12535	16862
IS	136	127532	105438	5342	16752
IS	137	128430	106697	4922	16811
IS	138	129667	108376	4567	16724
IS	139	132074	110593	4462	17019
IS	140	130378	109427	4082	16869
IS	141	126112	105233	3880	16999
IS	142	126409	105729	3771	16909
IS	143	127621	107080	3635	16906
IS	144	130069	109523	3613	16933
IS	145	130329	109684	3465	17180
IS	146	133103	112767	3296	17040
IS	147	132719	112395	3217	17107
IS	148	132695	112472	3075	17148
IS	149	135283	115142	3020	17121
IS	150	137565	117347	3020	17198
IS	151	138452	118250	2982	17220
IS	152	140724	120348	2942	17434
IS	153	138850	118544	3027	17279
IS	154	139907	119439	2822	17646
IS	155	141664	120958	3055	17651
IS	156	142241	121678	2857	17706
IS	157	143434	123323	2771	17340
IS	158	146625	126363	2733	17529
IS	159	148482	127891	2783	17808
IS	160	150759	130414	2772	17573
IS	161	154210	133792	2729	17689
IS	162	154359	134237	2714	17408
IS	163	157537	136994	2766	17777
IS	164	159647	139371	2670	17606
IS	165	162102	141958	2683	17461
IS	166	165444	145067	2709	17668
IS	167	168027	147622	2655	17750
IS	168	170486	150002	2576	17908
IS	169	172154	151750	2635	17769
IS	170	175353	154561	2689	18103
IS	171	178189	157758	2685	17746
IS	172	181309	161074	2529	17706
IS	173	183616	163581	2487	17548
IS	174	186749	166406	2517	17826
IS	175	190451	170108	2435	17908
IS	176	194021	173913	2486	17622
IS	177	197972	177754	2499	17719
IS	178	199455	179440	2551	17464
IS	179	203894	183910	2388	17596
IS	180	206222	186396	2316	17510
IS	181	209679	189479	2453	17747
IS	182	211600	191835	2342	17423
IS	183	215796	195477	2487	17832
IS	184	217972	198179	2418	17375
IS	185	221208	201329	2419	17460
IS	186	222489	202628	2391	17470
IS	187	226370	206510	2328	17532
IS	188	229609	209650	2381	17578
IS	189	232011	211970	2292	17749
IS	190	235689	215966	2262	17461
IS	191	239106	219515	2345	17246
IS	192	242194	222438	2313	17443
IS	193	244941	225326	2188	17427
IS	194	249644	229694	2227	17723
IS	195	251314	231528	2284	17502
IS	196	254864	235468	2189	17207
IS	197	258064	238455	2171	17438
IS	198	260742	241421	2157	17164
IS	199	263691	244380	2141	17170
IS	200	267055	247797	2221	17037
IS	201	270402	251252	2127	17023
IS	202	274764	255488	2141	17135
IS	203	276787	257674	2092	17021
IS	204	280078	260804	2122	17152
IS	205	283498	264428	2171	16899
IS	206	284730	265637	2101	16992
IS	207	289808	270980	2074	16754
IS	208	292316	273443	2073	16800
IS	209	295184	276225	2056	16903
IS	210	297174	278276	2052	16846
IS	211	301097	282580	2013	16504
IS	212	302870	284160	1980	16730
IS	213	304842	286267	2043	16532
IS	214	309044	290729	1948	16367
IS	215	311919	293700	1915	16304
IS	216	313778	295649	1929	16200
IS	217	317070	298960	1882	16228
IS	218	318690	300683	1902	16105
IS	219	322231	304060	1888	16283
IS	220	325131	306901	1913	16317
IS	221	324728	306993	1842	15893
IS	222	328134	310339	1839	15956
IS	223	329024	311389	1907	15728
IS	224	332649	314746	1906	15997
IS	225	334355	317062	1807	15486
IS	226	336030	318891	1783	15356
IS	227	338865	321625	1800	15440
IS	228	339747	322514	1836	15397
IS	229	341816	324799	1771	15246
IS	230	342753	325833	1789	15131
IS	231	345634	328643	1756	15235
IS	232	346330	329594	1729	15007
IS	233	348058	331121	1760	15177
IS	234	350692	333807	1761	15124
IS	235	349711	333285	1686	14740
IS	236	351523	335161	1692	14670
IS	237	352696	336393	1634	14669
IS	238	354469	338152	1681	14636
IS	239	354218	338217	1652	14349
IS	240	355359	339464	1663	14232
IS	241	355990	339956	1708	14326
IS	242	356076	340223	1700	14153
IS	243	358459	342727	1608	14124
IS	244	357773	342207	1673	13893
IS	245	357375	341922	1537	13916
IS	246	358378	343127	1591	13660
IS	247	357937	342454	1691	13792
IS	248	358550	343404	1653	13493
IS	249	359596	344411	1523	13662
IS	250	358821	343965	1510	13346
IS	251	359709	344937	1561	13211
IS	252	358608	343847	1502	13259
IS	253	359387	344563	1430	13394
IS	254	358520	343673	1441	13406
IS	255	357662	343088	1530	13044
IS	256	358018	343729	1484	12805
IS	257	357604	343211	1454	12939
IS	258	356721	342495	1479	12747
IS	259	355320	341294	1492	12534
IS	260	355141	341345	1457	12339
IS	261	354462	340573	1395	12494
IS	262	353884	340138	1368	12378
IS	263	353519	339986	1406	12127
IS	264	352230	338590	1345	12295
IS	265	351354	338023	1375	11956
IS	266	350182	336860	1346	11976
IS	267	349478	336140	1395	11943
IS	268	346432	333244	1352	11836
IS	269	345962	332905	1363	11694
IS	270	345640	332858	1350	11432
IS	271	343204	330219	1434	11551
IS	272	342195	329661	1334	11200
IS	273	341655	329138	1330	11187
IS	274	338066	325792	1291	10983
IS	275	337800	325339	1403	11058
IS	276	336249	323967	1293	10989
IS	277	334873	322696	1278	10899
IS	278	332696	320659	1279	10758
IS	279	333185	321277	1237	10671
IS	280	330099	318440	1234	10425
IS	281	327734	315922	1280	10532
IS	282	327153	315452	1252	10449
IS	283	325668	314284	1202	10182
IS	284	324198	312981	1237	9980
IS	285	321847	310529	1204	10114
IS	286	319711	308652	1117	9942
IS	287	318559	307418	1239	9902
IS	288	317276	306469	1179	9628
IS	289	315270	304414	1195	9661
IS	290	311929	301063	1199	9667
IS	291	311028	300373	1159	9496
IS	292	308668	298075	1207	9386
IS	293	305790	295395	1119	9276
IS	294	303403	293115	1091	9197
IS	295	303174	292884	1186	9104
IS	296	300381	290141	1106	9134
IS	297	298819	288610	1095	9114
IS	298	296030	286144	1088	8798
IS	299	293783	283901	1111	8771
IS	300	292574	282824	1158	8592
IS	301	288969	279353	1066	8550
IS	302	287393	277777	1111	8505
IS	303	284678	275099	1106	8473
IS	304	282735	273267	1063	8405
IS	305	281714	272213	1049	8452
IS	306	278939	269563	1077	8299
IS	307	276575	267345	1050	8180
IS	308	275238	266132	1060	8046
IS	309	272956	263975	1041	7940
IS	310	269535	260458	1090	7987
IS	311	267212	258495	1002	7715
IS	312	265484	256792	984	7708
IS	313	262578	253881	945	7752
IS	314	261545	252862	951	7732
IS	315	257898	249302	997	7599
IS	316	257184	248821	978	7385
IS	317	255550	247156	981	7413
IS	318	253171	244883	1015	7273
IS	319	250280	241995	1003	7282
IS	320	249061	241075	939	7047
IS	321	246078	238058	987	7033
IS	322	244581	236530	945	7106
IS	323	242212	234313	914	6985
IS	324	239699	231836	956	6907
IS	325	238436	230769	894	6773
IS	326	234934	227343	922	6669
IS	327	234225	226555	905	6765
IS	328	231940	224403	928	6609
IS	329	229037	221586	898	6553
IS	330	227892	220557	878	6457
IS	331	225089	217778	878	6433
IS	332	222664	215337	867	6460
IS	333	220815	213465	865	6485
IS	334	219639	212502	912	6225
IS	335	216820	209751	860	6209
IS	336	215498	208448	906	6144
IS	337	212890	206067	845	5978
IS	338	211651	205012	862	5777
IS	339	208428	201655	843	5930
IS	340	207412	200668	954	5790
IS	341	205068	198400	819	5849
IS	342	203070	196415	795	5860
IS	343	201976	195573	782	5621
IS	344	200037	193680	825	5532
IS	345	197463	191098	778	5587
IS	346	195842	189564	801	5477
IS	347	194264	188033	856	5375
IS	348	192448	186169	804	5475
IS	349	190146	184049	821	5276
IS	350	188114	182055	751	5308
IS	351	186384	180398	802	5184
IS	352	184767	178948	771	5048
IS	353	182790	176869	838	5083
IS	354	181439	175592	801	5046
IS	355	179602	173622	834	5146
IS	356	177610	171960	750	4900
IS	357	175492	169951	720	4821
IS	358	173549	167908	736	4905
IS	359	172470	166953	726	4791
IS	360	170084	164705	696	4683
IS	361	168651	163245	760	4646
IS	362	167657	162349	729	4579
IS	363	166083	160777	739	4567
IS	364	164304	158965	764	4575
IS	365	163232	157986	721	4525
IS	366	161631	156461	710	4460
IS	367	159084	153892	706	4486
IS	368	158614	153459	704	4451
IS	369	155752	150814	719	4219
IS	370	155185	150335	703	4147
IS	371	153190	148351	672	4167
IS	372	151842	146909	662	4271
IS	373	150425	145520	734	4171
IS	374	149187	144428	693	4066
IS	375	147359	142648	648	4063
IS	376	145869	141232	679	3958
IS	377	144252	139590	692	3970
IS	378	143215	138632	635	3948
IS	379	141862	137475	618	3769
IS	380	140647	136228	600	3819
IS	381	139417	135005	677	3735
IS	382	137859	133413	662	3784
IS	383	135818	131423	653	3742
IS	384	135294	131017	637	3640
IS	385	134131	129843	657	3631
IS	386	132481	128310	593	3578
IS	387	129938	125734	633	3571
IS	388	129866	125798	606	3462
IS	389	127897	123852	612	3433
IS	390	127306	123169	605	3532
IS	391	126270	122174	617	3479
IS	392	124351	120397	626	3328
IS	393	122765	118721	653	3391
IS	394	121901	118065	641	3195
IS	395	120831	116985	607	3239
IS	396	119798	115961	596	3241
IS	397	118688	114903	547	3238
IS	398	117151	113442	588	3121
IS	399	116307	112606	600	3101
IS	400	114895	111212	573	3110
IS	401	113993	110300	557	3136
IS	402	112768	109050	612	3106
IS	403	112015	108321	611	3083
IS	404	110848	107307	571	2970
IS	405	108969	105623	576	2770
IS	406	107316	103911	558	2847
IS	407	106829	103431	551	2847
IS	408	106525	103175	537	2813
IS	409	105131	101761	551	2819
IS	410	104040	100538	560	2942
IS	411	103723	100433	553	2737
IS	412	101992	98713	555	2724
IS	413	101704	98386	523	2795
IS	414	100362	97139	517	2706
IS	415	99344	96062	521	2761
IS	416	98584	95479	509	2596
IS	417	97639	94519	513	2607
IS	418	95757	92655	480	2622
IS	419	95223	92197	515	2511
IS	420	94722	91616	549	2557
IS	421	93659	90675	523	2461
IS	422	92613	89584	549	2480
IS	423	92078	89076	524	2478
IS	424	91153	88164	501	2488
IS	425	89922	86941	564	2417
IS	426	89374	86430	540	2404
IS	427	88392	85464	488	2440
IS	428	87436	84651	474	2311
IS	429	86574	83775	471	2328
IS	430	86210	83358	511	2341
IS	431	85102	82376	482	2244
IS	432	83609	80948	451	2210
IS	433	83385	80674	447	2264
IS	434	82343	79678	509	2156
IS	435	82012	79421	446	2145
IS	436	81261	78631	495	2135
IS	437	80039	77433	434	2172
IS	438	79538	76932	459	2147
IS	439	78927	76343	489	2095
IS	440	78151	75581	448	2122
IS	441	76673	74158	477	2038
IS	442	75694	73200	461	2033
IS	443	75166	72733	424	2009
IS	444	75191	72714	479	1998
IS	445	73639	71219	493	1927
IS	446	73040	70622	430	1988
IS	447	72264	69877	465	1922
IS	448	72004	69542	463	1999
IS	449	70884	68581	471	1832
IS	450	70946	68569	435	1942
IS	451	69845	67531	450	1864
IS	452	69506	67238	445	1823
IS	453	68205	65962	450	1793
IS	454	67685	65411	443	1831
IS	455	67258	65080	366	1812
IS	456	66465	64250	421	1794
IS	457	65916	63755	426	1735
IS	458	65647	63503	412	1732
IS	459	64265	62159	410	1696
IS	460	64123	62070	399	1654
IS	461	63815	61811	422	1582
IS	462	63027	60933	416	1678
IS	463	62489	60406	418	1665
IS	464	61267	59209	419	1639
IS	465	60739	58763	404	1572
IS	466	60247	58253	406	1588
IS	467	59845	57909	416	1520
IS	468	59417	57421	399	1597
IS	469	59112	57232	391	1489
IS	470	58262	56359	363	1540
IS	471	57690	55721	408	1561
IS	472	56737	54926	365	1446
IS	473	56557	54610	390	1557
IS	474	55970	54036	397	1537
IS	475	55209	53350	410	1449
IS	476	54932	53148	381	1403
IS	477	54366	52581	371	1414
IS	478	54164	52307	369	1488
IS	479	53256	51510	344	1402
IS	480	53196	51443	383	1370
IS	481	52222	50446	393	1383
IS	482	51804	50152	347	1305
IS	483	51255	49560	355	1340
IS	484	50673	49026	344	1303
IS	485	50323	48630	356	1337
IS	486	50144	48426	372	1346
IS	487	49589	47937	330	1322
IS	488	48759	47142	391	1226
IS	489	48211	46582	385	1244
IS	490	47988	46416	330	1242
IS	491	47566	45941	349	1276
IS	492	47091	45492	331	1268
IS	493	46426	44777	387	1262
IS	494	46023	44454	342	1227
IS	495	45773	44239	322	1212
IS	496	45195	43646	354	1195
IS	497	45080	43566	330	1184
IS	498	44138	42637	379	1122
IS	499	44029	42609	317	1103
IS	500	43461	41974	336	1151
IS	501	43142	41711	343	1088
IS	502	42726	41320	305	1101
IS	503	42363	40951	351	1061
IS	504	41844	40464	332	1048
IS	505	40880	39561	291	1028
IS	506	41014	39600	329	1085
IS	507	40367	38988	313	1066
IS	508	40362	38992	309	1061
IS	509	39742	38341	366	1035
IS	510	38833	37522	329	982
IS	511	38941	37572	307	1062
IS	512	38670	37308	324	1038
IS	513	38456	37117	343	996
IS	514	37638	36341	305	992
IS	515	37141	35813	315	1013
IS	516	36863	35608	312	943
IS	517	36235	34953	300	982
IS	518	36378	35114	298	966
IS	519	36023	34742	309	972
IS	520	35769	34514	317	938
IS	521	35438	34204	299	935
IS	522	35233	33936	341	956
IS	523	35096	33867	293	936
IS	524	34142	32934	298	910
IS	525	33733	32569	313	851
IS	526	33500	32236	332	932
IS	527	33080	31942	297	841
IS	528	32891	31732	311	848
IS	529	32350	31125	349	876
IS	530	32183	31073	301	809
IS	531	32092	30957	265	870
IS	532	31603	30407	303	893
IS	533	31475	30348	285	842
IS	534	31205	30132	290	783
IS	535	30775	29677	284	814
IS	536	30737	29643	270	824
IS	537	30161	29054	304	803
IS	538	29926	28848	288	790
IS	539	29697	28597	310	790
IS	540	29194	28172	260	762
IS	541	29144	28097	287	760
IS	542	28561	27483	290	788
IS	543	28296	27240	301	755
IS	544	28518	27469	309	740
IS	545	28391	27326	304	761
IS	546	27641	26607	285	749
IS	547	27664	26687	282	695
IS	548	26844	25872	276	696
IS	549	26680	25670	281	729
IS	550	26685	25674	287	724
IS	551	26194	25256	244	694
IS	552	26161	25154	285	722
IS	553	25869	24897	313	659
IS	554	25534	24578	275	681
IS	555	25275	24331	275	669
IS	556	25144	24184	281	679
IS	557	24878	23890	307	681
IS	558	24258	23334	289	635
IS	559	24290	23371	270	649
IS	560	23928	23018	277	633
IS	561	23566	22640	287	639
IS	562	23618	22682	259	677
IS	563	23041	22143	264	634
IS	564	22836	21894	307	635
IS	565	22861	21911	327	623
IS	566	22463	21538	296	629
IS	567	22453	21565	277	611
IS	568	22013	21162	263	588
IS	569	21811	20952	250	609
IS	570	21539	20657	267	615
IS	571	21689	20823	285	581
IS	572	21068	20244	269	555
IS	573	21126	20227	298	601
IS	574	20839	20049	251	539
IS	575	20543	19657	286	600
IS	576	20130	19328	269	533
IS	577	20193	19343	297	553
IS	578	20288	19490	265	533
IS	579	19712	18930	258	524
IS	580	19183	18396	277	510
IS	581	19091	18312	268	511
IS	582	19129	18300	289	540
IS	583	19159	18323	289	547
IS	584	18745	17887	302	556
IS	585	18695	17819	313	563
IS	586	18474	17724	281	469
IS	587	18352	17526	285	541
IS	588	18212	17429	309	474
IS	589	18081	17318	298	465
IS	590	17833	16995	318	520
IS	591	17464	16664	316	484
IS	592	17173	16364	314	495
IS	593	17281	16529	281	471
IS	594	16929	16171	284	474
IS	595	16972	16249	272	451
IS	596	16483	15706	311	466
IS	597	16684	15886	322	476
IS	598	16385	15558	333	494
IS	599	16082	15302	342	438
IS	600	15819	15082	303	434
IS	601	15813	15020	361	432
IS	602	15620	14868	300	452
IS	603	15369	14606	301	462
IS	604	15449	14629	356	464
IS	605	15201	14442	325	434
IS	606	15050	14343	283	424
IS	607	14945	14176	341	428
IS	608	14451	13686	331	434
IS	609	14669	13943	313	413
IS	610	14321	13558	331	432
IS	611	14488	13789	337	362
IS	612	13990	13270	317	403
IS	613	13955	13224	317	414
IS	614	13843	13130	284	429
IS	615	13893	13192	313	388
IS	616	13296	12575	324	397
IS	617	13295	12556	331	408
IS	618	12912	12239	300	373
IS	619	13117	12330	406	381
IS	620	13023	12287	349	387
IS	621	13010	12264	357	389
IS	622	12603	11845	376	382
IS	623	12352	11651	316	385
IS	624	12249	11535	320	394
IS	625	12209	11535	327	347
IS	626	12071	11415	292	364
IS	627	11941	11214	361	366
IS	628	11764	11097	319	348
IS	629	11766	11164	306	296
IS	630	11492	10788	341	363
IS	631	11439	10708	371	360
IS	632	11390	10726	326	338
IS	633	11421	10681	341	399
IS	634	10926	10278	317	331
IS	635	10789	10120	329	340
IS	636	10863	10213	307	343
IS	637	10700	10048	310	342
IS	638	10544	9903	305	336
IS	639	10473	9825	313	335
IS	640	10346	9725	280	341
IS	641	10257	9604	314	339
IS	642	10240	9569	335	336
IS	643	9861	9187	354	320
IS	644	9880	9197	352	331
IS	645	9843	9226	325	292
IS	646	9768	9124	327	317
IS	647	9691	9066	331	294
IS	648	9393	8835	263	295
IS	649	9385	8752	326	307
IS	650	9210	8627	268	315
IS	651	9103	8461	313	329
IS	652	8936	8340	283	313
IS	653	8956	8283	340	333
IS	654	8792	8136	366	290
IS	655	8793	8224	304	265
IS	656	8571	7977	311	283
IS	657	8569	8004	271	294
IS	658	8284	7767	246	271
IS	659	8139	7570	276	293
IS	660	8347	7785	277	285
IS	661	7973	7391	286	296
IS	662	8149	7606	296	247
IS	663	7829	7272	307	250
IS	664	7917	7337	281	299
IS	665	7509	6949	284	276
IS	666	7828	7214	331	283
# Read lengths. Use `grep ^RL | cut -f 2-` to extract this part. The columns are: read length, count
RL	40	362840
RL	41	364259
RL	42	363902
RL	43	361755
RL	44	348978
RL	45	354260
RL	46	356203
RL	47	355775
RL	48	355830
RL	49	364639
RL	50	358363
RL	51	369211
RL	52	370114
RL	53	377474
RL	54	375614
RL	55	373475
RL	56	387011
RL	57	382676
RL	58	367425
RL	59	342556
RL	60	395445
RL	61	372995
RL	62	349676
RL	63	341055
RL	64	343549
RL	65	336012
RL	66	337726
RL	67	342181
RL	68	329953
RL	69	336683
RL	70	342836
RL	71	347600
RL	72	361905
RL	73	351785
RL	74	335634
RL	75	339095
RL	76	336429
RL	77	338400
RL	78	340275
RL	79	344784
RL	80	338545
RL	81	345346
RL	82	341940
RL	83	342785
RL	84	334339
RL	85	335776
RL	86	332133
RL	87	331619
RL	88	334751
RL	89	337042
RL	90	338764
RL	91	344363
RL	92	335259
RL	93	350745
RL	94	346648
RL	95	359844
RL	96	363758
RL	97	385886
RL	98	380194
RL	99	411858
RL	100	400714
RL	101	420501
RL	102	436171
RL	103	438519
RL	104	440305
RL	105	431515
RL	106	430875
RL	107	437432
RL	108	438865
RL	109	445552
RL	110	426718
RL	111	448858
RL	112	445333
RL	113	457229
RL	114	458854
RL	115	478112
RL	116	463885
RL	117	479504
RL	118	462582
RL	119	473066
RL	120	484401
RL	121	492215
RL	122	493081
RL	123	517981
RL	124	508351
RL	125	528598
RL	126	523618
RL	127	545415
RL	128	521872
RL	129	529543
RL	130	539819
RL	131	590109
RL	132	799294
RL	133	2108776
RL	134	13448063
RL	135	133805043
# Read lengths - first fragments. Use `grep ^FRL | cut -f 2-` to extract this part. The columns are: read length, count
FRL	40	101487
FRL	41	101081
FRL	42	100436
FRL	43	99457
FRL	44	97313
FRL	45	97277
FRL	46	97952
FRL	47	97261
FRL	48	97647
FRL	49	98006
FRL	50	100347
FRL	51	100286
FRL	52	99335
FRL	53	100582
FRL	54	100634
FRL	55	99214
FRL	56	103968
FRL	57	101828
FRL	58	98376
FRL	59	96356
FRL	60	108918
FRL	61	103793
FRL	62	102348
FRL	63	101001
FRL	64	101714
FRL	65	104342
FRL	66	107440
FRL	67	107434
FRL	68	110264
FRL	69	113267
FRL	70	115620
FRL	71	116749
FRL	72	129895
FRL	73	121401
FRL	74	121119
FRL	75	121143
FRL	76	119476
FRL	77	118896
FRL	78	121251
FRL	79	122915
FRL	80	125728
FRL	81	125046
FRL	82	123659
FRL	83	121395
FRL	84	117373
FRL	85	117342
FRL	86	116761
FRL	87	117254
FRL	88	115726
FRL	89	117702
FRL	90	117253
FRL	91	115668
FRL	92	114601
FRL	93	119114
FRL	94	119773
FRL	95	118569
FRL	96	120042
FRL	97	118642
FRL	98	118122
FRL	99	118493
FRL	100	119874
FRL	101	121275
FRL	102	123622
FRL	103	123213
FRL	104	121724
FRL	105	123907
FRL	106	128441
FRL	107	127596
FRL	108	127045
FRL	109	126872
FRL	110	130085
FRL	111	129258
FRL	112	135273
FRL	113	138702
FRL	114	144021
FRL	115	153360
FRL	116	153231
FRL	117	165627
FRL	118	163581
FRL	119	169244
FRL	120	168392
FRL	121	169034
FRL	122	172368
FRL	123	178626
FRL	124	186458
FRL	125	182133
FRL	126	196759
FRL	127	201646
FRL	128	203741
FRL	129	198964
FRL	130	205603
FRL	131	223813
FRL	132	305222
FRL	133	784999
FRL	134	4939055
FRL	135	75600515
# Read lengths - last fragments. Use `grep ^LRL | cut -f 2-` to extract this part. The columns are: read length, count
LRL	40	261353
LRL	41	263178
LRL	42	263466
LRL	43	262298
LRL	44	251665
LRL	45	256983
LRL	46	258251
LRL	47	258514
LRL	48	258183
LRL	49	266633
LRL	50	258016
LRL	51	268925
LRL	52	270779
LRL	53	276892
LRL	54	274980
LRL	55	274261
LRL	56	283043
LRL	57	280848
LRL	58	269049
LRL	59	246200
LRL	60	286527
LRL	61	269202
LRL	62	247328
LRL	63	240054
LRL	64	241835
LRL	65	231670
LRL	66	230286
LRL	67	234747
LRL	68	219689
LRL	69	223416
LRL	70	227216
LRL	71	230851
LRL	72	232010
LRL	73	230384
LRL	74	214515
LRL	75	217952
LRL	76	216953
LRL	77	219504
LRL	78	219024
LRL	79	221869
LRL	80	212817
LRL	81	220300
LRL	82	218281
LRL	83	221390
LRL	84	216966
LRL	85	218434
LRL	86	215372
LRL	87	214365
LRL	88	219025
LRL	89	219340
LRL	90	221511
LRL	91	228695
LRL	92	220658
LRL	93	231631
LRL	94	226875
LRL	95	241275
LRL	96	243716
LRL	97	267244
LRL	98	262072
LRL	99	293365
LRL	100	280840
LRL	101	299226
LRL	102	312549
LRL	103	315306
LRL	104	318581
LRL	105	307608
LRL	106	302434
LRL	107	309836
LRL	108	311820
LRL	109	318680
LRL	110	296633
LRL	111	319600
LRL	112	310060
LRL	113	318527
LRL	114	314833
LRL	115	324752
LRL	116	310654
LRL	117	313877
LRL	118	299001
LRL	119	303822
LRL	120	316009
LRL	121	323181
LRL	122	320713
LRL	123	339355
LRL	124	321893
LRL	125	346465
LRL	126	326859
LRL	127	343769
LRL	128	318131
LRL	129	330579
LRL	130	334216
LRL	131	366296
LRL	132	494072
LRL	133	1323777
LRL	134	8509008
LRL	135	58204528
# Indel distribution. Use `grep ^ID | cut -f 2-` to extract this part. The columns are: length, number of insertions, number of deletions
ID	1	6163821	6901477
ID	2	2317793	1980440
ID	3	665021	640016
ID	4	894565	872962
ID	5	284913	327946
ID	6	281564	376316
ID	7	92667	132910
ID	8	116928	201960
ID	9	65289	134439
ID	10	85325	156318
ID	11	91410	303577
ID	12	56267	79246
ID	13	18949	34811
ID	14	16051	28224
ID	15	12913	22375
ID	16	9947	21303
ID	17	6711	13002
ID	18	6491	14442
ID	19	4623	10793
ID	20	5112	13096
ID	21	4057	11247
ID	22	6857	23916
ID	23	2276	7009
ID	24	1762	6848
ID	25	1146	4115
ID	26	974	3420
ID	27	666	3135
ID	28	616	2952
ID	29	466	2398
ID	30	474	2703
ID	31	276	2051
ID	32	221	2110
ID	33	262	2700
ID	34	128	1553
ID	35	94	1369
ID	36	66	1354
ID	37	37	1085
ID	38	28	1015
ID	39	27	935
ID	40	10	985
ID	41	5	805
ID	42	0	890
ID	43	0	647
ID	44	0	840
ID	45	0	558
ID	46	0	452
ID	47	0	447
ID	48	0	393
ID	49	0	337
ID	50	0	316
ID	51	0	266
ID	52	0	261
ID	53	0	179
ID	54	0	170
ID	55	0	127
ID	56	0	105
ID	57	0	84
ID	58	0	65
ID	59	0	46
ID	60	0	35
ID	61	0	9
ID	62	0	12
ID	63	0	3
# Indels per cycle. Use `grep ^IC | cut -f 2-` to extract this part. The columns are: cycle, number of insertions (fwd), .. (rev) , number of deletions (fwd), .. (rev)
IC	1	42	37	19	11
IC	2	2	5	21	29
IC	3	14	10	27347	31007
IC	4	69237	28960	32592	37381
IC	5	125839	31654	33198	33051
IC	6	53972	29510	21115	32487
IC	7	19752	30469	14403	32897
IC	8	10794	28889	18106	41175
IC	9	13618	38305	17369	43001
IC	10	14124	38301	16997	42163
IC	11	15878	39884	17874	43701
IC	12	16319	39819	20173	45297
IC	13	18755	42066	24922	48447
IC	14	21279	44076	27221	51293
IC	15	26059	49035	31544	48318
IC	16	29061	47656	34024	50282
IC	17	31975	48034	38968	49779
IC	18	35808	48250	41857	53506
IC	19	38654	51207	45821	55786
IC	20	41039	52982	49547	59438
IC	21	44846	57500	52037	55095
IC	22	47979	53575	52524	57374
IC	23	50175	55288	55387	56529
IC	24	52854	53845	56658	58774
IC	25	55588	55405	59157	59342
IC	26	56986	55814	59267	59089
IC	27	59901	58144	61030	58333
IC	28	58662	55481	62262	59722
IC	29	60931	57460	64018	59356
IC	30	62599	56157	64195	63072
IC	31	63645	57652	65385	60161
IC	32	63553	57475	65772	60938
IC	33	64572	58132	65729	58903
IC	34	64410	56443	66923	60088
IC	35	64846	55673	66884	59852
IC	36	65712	54484	66664	62100
IC	37	65488	56413	67988	59366
IC	38	66205	54973	66881	60650
IC	39	66109	56529	68569	57889
IC	40	65872	54134	68551	61863
IC	41	65293	55080	68808	60560
IC	42	66136	53009	68218	60656
IC	43	66663	53457	69107	59038
IC	44	66285	51996	68707	59748
IC	45	66174	53763	69326	56407
IC	46	65812	50374	68331	57897
IC	47	64929	50785	68929	55961
IC	48	64728	49039	68117	56718
IC	49	64779	49527	69046	54622
IC	50	64972	48247	68196	55778
IC	51	65166	49914	68982	54425
IC	52	64618	47459	68446	57298
IC	53	64886	48910	68741	53860
IC	54	65237	47468	67437	54036
IC	55	65147	46731	68450	52378
IC	56	65251	45911	67844	53435
IC	57	64280	46110	67976	51704
IC	58	64473	44341	66975	52594
IC	59	64286	45098	67998	50529
IC	60	64588	43337	67263	51468
IC	61	63865	42988	67347	48631
IC	62	64754	42729	66369	51115
IC	63	62968	43801	67349	49782
IC	64	63262	42639	66445	50476
IC	65	62300	42355	67458	47640
IC	66	63369	40922	66143	48462
IC	67	63078	41127	66562	46495
IC	68	62377	39256	65999	47728
IC	69	61756	40249	65829	45549
IC	70	61613	38554	64495	46180
IC	71	60909	38536	65583	44311
IC	72	60505	37280	64018	45533
IC	73	60158	37823	64495	45020
IC	74	60146	37395	63456	45485
IC	75	59818	38135	63824	43651
IC	76	59639	36173	62896	43483
IC	77	58870	36543	63520	42227
IC	78	58702	35542	62312	42537
IC	79	57560	35274	63109	41422
IC	80	57010	35075	62555	42268
IC	81	56831	35306	61619	40307
IC	82	56300	34146	60639	40912
IC	83	55559	33810	60944	40008
IC	84	55745	33230	59889	40938
IC	85	55122	33400	60767	40741
IC	86	54320	33006	59360	39792
IC	87	54118	33425	59484	38507
IC	88	53591	31812	58086	38642
IC	89	52482	31512	59203	37142
IC	90	52993	30384	57972	37096
IC	91	52109	30384	57811	36948
IC	92	51799	29814	55913	37003
IC	93	50160	30325	56333	36532
IC	94	50590	28920	54862	35599
IC	95	50061	29144	55181	34950
IC	96	49314	28664	53748	35285
IC	97	48425	28885	54142	34682
IC	98	48459	28168	52884	33921
IC	99	47348	27461	52455	33662
IC	100	46700	27190	51652	33458
IC	101	46547	26711	51228	32149
IC	102	46062	26536	50863	32032
IC	103	45404	25757	50019	31551
IC	104	45100	25879	49535	32062
IC	105	44302	25604	48863	30762
IC	106	43123	25131	48100	30516
IC	107	41955	25411	48076	30070
IC	108	41738	24418	46893	29881
IC	109	41218	24106	46928	29117
IC	110	40642	23628	46045	28901
IC	111	39114	23350	45078	28234
IC	112	38681	22969	44037	28243
IC	113	38004	22213	43020	27355
IC	114	37375	22038	42397	27333
IC	115	36447	21917	42121	26872
IC	116	35571	21187	40766	26123
IC	117	34204	20888	40298	25622
IC	118	32921	20267	39211	24746
IC	119	32231	20296	38463	24351
IC	120	31575	19221	37184	24052
IC	121	30453	18955	36368	23562
IC	122	29184	18434	34887	22519
IC	123	27492	17354	33427	21767
IC	124	26115	16292	32134	21009
IC	125	24422	15234	31380	20250
IC	126	22390	14242	29527	19620
IC	127	19733	12567	28188	18430
IC	128	17334	10906	25064	17007
IC	129	15944	10645	22788	15934
IC	130	15422	10189	22896	15299
IC	131	12873	8563	19159	12731
IC	132	11911	7204	14693	8438
IC	133	0	0	21	9
IC	134	1	2	13	2
# Coverage distribution. Use `grep ^COV | cut -f 2-` to extract this part.
COV	[1-1]	1	130
# GC-depth. Use `grep ^GCD | cut -f 2-` to extract this part. The columns are: GC%, unique sequence percentiles, 10th, 25th, 50th, 75th and 90th depth percentile
GCD	0.0	100.000	0.000	0.000	0.000	0.000	0.000
