# This file was produced by samtools stats (1.9+htslib-1.9) and can be plotted using plot-bamstats
# This file contains statistics for all reads.
# The command line was:  stats 4717-JW-0008_S5_L006.bam
# CHK, Checksum	[2]Read Names	[3]Sequences	[4]Qualities
# CHK, CRC32 of reads which passed filtering followed by addition (32bit overflow)
CHK	d57e2a08	65d6b359	977ab5bb
# Summary Numbers. Use `grep ^SN | cut -f 2-` to extract this part.
SN	raw total sequences:	183505142
SN	filtered sequences:	0
SN	sequences:	183505142
SN	is sorted:	0
SN	1st fragments:	91752571
SN	last fragments:	91752571
SN	reads mapped:	176768895
SN	reads mapped and paired:	174868226	# paired-end technology bit set + both mates mapped
SN	reads unmapped:	6736247
SN	reads properly paired:	157737544	# proper-pair bit set
SN	reads paired:	183505142	# paired-end technology bit set
SN	reads duplicated:	0	# PCR or optical duplicate bit set
SN	reads MQ0:	15758903	# mapped and MQ=0
SN	reads QC failed:	0
SN	non-primary alignments:	0
SN	total length:	23035325343	# ignores clipping
SN	total first fragment length:	11829110113	# ignores clipping
SN	total last fragment length:	11206215230	# ignores clipping
SN	bases mapped:	22421511583	# ignores clipping
SN	bases mapped (cigar):	21046741391	# more accurate
SN	bases trimmed:	0
SN	bases duplicated:	0
SN	mismatches:	253519594	# from NM fields
SN	error rate:	1.204555e-02	# mismatches / bases mapped (cigar)
SN	average length:	125
SN	average first fragment length:	129
SN	average last fragment length:	122
SN	maximum length:	135
SN	maximum first fragment length:	135
SN	maximum last fragment length:	135
SN	average quality:	38.8
SN	insert size average:	270.9
SN	insert size standard deviation:	129.2
SN	inward oriented pairs:	75150279
SN	outward oriented pairs:	6768886
SN	pairs with other orientation:	4820613
SN	pairs on different chromosomes:	4547113
SN	percentage of properly paired reads (%):	86.0
# First Fragment Qualities. Use `grep ^FFQ | cut -f 2-` to extract this part.
# Columns correspond to qualities and rows to cycles. First column is the cycle number.
FFQ	1	0	0	0	0	0	0	0	0	0	0	0	0	429222	0	0	0	0	0	0	0	0	0	319011	0	0	0	0	690016	0	0	0	0	2271533	0	0	0	0	5781677	0	0	0	82261112	0
FFQ	2	0	0	175	0	0	0	0	0	0	0	0	0	434688	0	0	0	0	0	0	0	0	0	380465	0	0	0	0	719894	0	0	0	0	2227880	0	0	0	0	5769438	0	0	0	82220031	0
FFQ	3	0	0	0	0	0	0	0	0	0	0	0	0	426732	0	0	0	0	0	0	0	0	0	394483	0	0	0	0	734367	0	0	0	0	2173001	0	0	0	0	5683149	0	0	0	82340839	0
FFQ	4	0	0	93	0	0	0	0	0	0	0	0	0	471267	0	0	0	0	0	0	0	0	0	496663	0	0	0	0	791371	0	0	0	0	2145768	0	0	0	0	5747331	0	0	0	82100078	0
FFQ	5	0	0	0	0	0	0	0	0	0	0	0	0	449136	0	0	0	0	0	0	0	0	0	501090	0	0	0	0	771898	0	0	0	0	2094468	0	0	0	0	5668984	0	0	0	82266995	0
FFQ	6	0	0	0	0	0	0	0	0	0	0	0	0	449931	0	0	0	0	0	0	0	0	0	498787	0	0	0	0	766247	0	0	0	0	2070850	0	0	0	0	5694409	0	0	0	82272347	0
FFQ	7	0	0	2982	0	0	0	0	0	0	0	0	0	473624	0	0	0	0	0	0	0	0	0	505781	0	0	0	0	761093	0	0	0	0	2047633	0	0	0	0	5832235	0	0	0	82129223	0
FFQ	8	0	0	0	0	0	0	0	0	0	0	0	0	466267	0	0	0	0	0	0	0	0	0	503941	0	0	0	0	753927	0	0	0	0	2006280	0	0	0	0	5812980	0	0	0	82209176	0
FFQ	9	0	0	0	0	0	0	0	0	0	0	0	0	477036	0	0	0	0	0	0	0	0	0	506205	0	0	0	0	753350	0	0	0	0	2027122	0	0	0	0	5853308	0	0	0	82135550	0
FFQ	10	0	0	0	0	0	0	0	0	0	0	0	0	601820	0	0	0	0	0	0	0	0	0	515308	0	0	0	0	787285	0	0	0	0	1965920	0	0	0	0	5867652	0	0	0	82014586	0
FFQ	11	0	0	264	0	0	0	0	0	0	0	0	0	669308	0	0	0	0	0	0	0	0	0	547447	0	0	0	0	825811	0	0	0	0	1985080	0	0	0	0	5932509	0	0	0	81792152	0
FFQ	12	0	0	311	0	0	0	0	0	0	0	0	0	654766	0	0	0	0	0	0	0	0	0	577555	0	0	0	0	948653	0	0	0	0	1884533	0	0	0	0	5977373	0	0	0	81709380	0
FFQ	13	0	0	75	0	0	0	0	0	0	0	0	0	655523	0	0	0	0	0	0	0	0	0	619873	0	0	0	0	1121419	0	0	0	0	1755424	0	0	0	0	5963075	0	0	0	81637182	0
FFQ	14	0	0	0	0	0	0	0	0	0	0	0	0	678431	0	0	0	0	0	0	0	0	0	651470	0	0	0	0	1189291	0	0	0	0	1753704	0	0	0	0	5992397	0	0	0	81487278	0
FFQ	15	0	0	11	0	0	0	0	0	0	0	0	0	670604	0	0	0	0	0	0	0	0	0	651395	0	0	0	0	1176480	0	0	0	0	1742410	0	0	0	0	5959936	0	0	0	81551735	0
FFQ	16	0	0	0	0	0	0	0	0	0	0	0	0	680429	0	0	0	0	0	0	0	0	0	648611	0	0	0	0	1176629	0	0	0	0	1740985	0	0	0	0	5968076	0	0	0	81537841	0
FFQ	17	0	0	993	0	0	0	0	0	0	0	0	0	662265	0	0	0	0	0	0	0	0	0	633871	0	0	0	0	1156522	0	0	0	0	1712931	0	0	0	0	5905301	0	0	0	81680688	0
FFQ	18	0	0	141	0	0	0	0	0	0	0	0	0	680017	0	0	0	0	0	0	0	0	0	635297	0	0	0	0	1162458	0	0	0	0	1713347	0	0	0	0	5904831	0	0	0	81656480	0
FFQ	19	0	0	464	0	0	0	0	0	0	0	0	0	870343	0	0	0	0	0	0	0	0	0	682933	0	0	0	0	1218498	0	0	0	0	1751243	0	0	0	0	6020680	0	0	0	81208410	0
FFQ	20	0	0	30	0	0	0	0	0	0	0	0	0	741228	0	0	0	0	0	0	0	0	0	702330	0	0	0	0	1293804	0	0	0	0	1749220	0	0	0	0	6033647	0	0	0	81232312	0
FFQ	21	0	0	7460	0	0	0	0	0	0	0	0	0	786345	0	0	0	0	0	0	0	0	0	692635	0	0	0	0	1237746	0	0	0	0	1785461	0	0	0	0	6155546	0	0	0	81087378	0
FFQ	22	0	0	2553	0	0	0	0	0	0	0	0	0	778550	0	0	0	0	0	0	0	0	0	695104	0	0	0	0	1235493	0	0	0	0	1786556	0	0	0	0	6128355	0	0	0	81125960	0
FFQ	23	0	0	9	0	0	0	0	0	0	0	0	0	790336	0	0	0	0	0	0	0	0	0	698487	0	0	0	0	1233877	0	0	0	0	1786262	0	0	0	0	6105953	0	0	0	81137647	0
FFQ	24	0	0	14	0	0	0	0	0	0	0	0	0	839033	0	0	0	0	0	0	0	0	0	719785	0	0	0	0	1258597	0	0	0	0	1810715	0	0	0	0	6165045	0	0	0	80959382	0
FFQ	25	0	0	3009	0	0	0	0	0	0	0	0	0	862732	0	0	0	0	0	0	0	0	0	738694	0	0	0	0	1280345	0	0	0	0	1836433	0	0	0	0	6226970	0	0	0	80804388	0
FFQ	26	0	0	290	0	0	0	0	0	0	0	0	0	888302	0	0	0	0	0	0	0	0	0	747212	0	0	0	0	1283382	0	0	0	0	1837629	0	0	0	0	6231071	0	0	0	80764685	0
FFQ	27	0	0	0	0	0	0	0	0	0	0	0	0	1038698	0	0	0	0	0	0	0	0	0	792467	0	0	0	0	1336810	0	0	0	0	1873541	0	0	0	0	6327532	0	0	0	80383523	0
FFQ	28	0	0	786	0	0	0	0	0	0	0	0	0	988945	0	0	0	0	0	0	0	0	0	814468	0	0	0	0	1400423	0	0	0	0	1878510	0	0	0	0	6402004	0	0	0	80267435	0
FFQ	29	0	0	0	0	0	0	0	0	0	0	0	0	955133	0	0	0	0	0	0	0	0	0	805263	0	0	0	0	1381297	0	0	0	0	1892525	0	0	0	0	6456682	0	0	0	80261671	0
FFQ	30	0	0	0	0	0	0	0	0	0	0	0	0	964332	0	0	0	0	0	0	0	0	0	792128	0	0	0	0	1340582	0	0	0	0	1893159	0	0	0	0	6440883	0	0	0	80321487	0
FFQ	31	0	0	121	0	0	0	0	0	0	0	0	0	1017866	0	0	0	0	0	0	0	0	0	818977	0	0	0	0	1369492	0	0	0	0	1927010	0	0	0	0	6490365	0	0	0	80128740	0
FFQ	32	0	0	0	0	0	0	0	0	0	0	0	0	1065124	0	0	0	0	0	0	0	0	0	834771	0	0	0	0	1382911	0	0	0	0	1932204	0	0	0	0	6500030	0	0	0	80037531	0
FFQ	33	0	0	21	0	0	0	0	0	0	0	0	0	1079421	0	0	0	0	0	0	0	0	0	851567	0	0	0	0	1397313	0	0	0	0	1946523	0	0	0	0	6533052	0	0	0	79944674	0
FFQ	34	0	0	161	0	0	0	0	0	0	0	0	0	1158369	0	0	0	0	0	0	0	0	0	878880	0	0	0	0	1429745	0	0	0	0	1973434	0	0	0	0	6590371	0	0	0	79721611	0
FFQ	35	0	0	768	0	0	0	0	0	0	0	0	0	1128986	0	0	0	0	0	0	0	0	0	893512	0	0	0	0	1459330	0	0	0	0	1969930	0	0	0	0	6599530	0	0	0	79700515	0
FFQ	36	0	0	0	0	0	0	0	0	0	0	0	0	1182327	0	0	0	0	0	0	0	0	0	907218	0	0	0	0	1465679	0	0	0	0	1991361	0	0	0	0	6696154	0	0	0	79509832	0
FFQ	37	0	0	0	0	0	0	0	0	0	0	0	0	1203650	0	0	0	0	0	0	0	0	0	928638	0	0	0	0	1495016	0	0	0	0	2025353	0	0	0	0	6763347	0	0	0	79336567	0
FFQ	38	0	0	30	0	0	0	0	0	0	0	0	0	1319720	0	0	0	0	0	0	0	0	0	966430	0	0	0	0	1537543	0	0	0	0	2058366	0	0	0	0	6836550	0	0	0	79033932	0
FFQ	39	0	0	179	0	0	0	0	0	0	0	0	0	1578733	0	0	0	0	0	0	0	0	0	1029979	0	0	0	0	1601539	0	0	0	0	2081341	0	0	0	0	6922381	0	0	0	78538419	0
FFQ	40	0	0	141	0	0	0	0	0	0	0	0	0	1371417	0	0	0	0	0	0	0	0	0	1101913	0	0	0	0	1736999	0	0	0	0	2103448	0	0	0	0	7030217	0	0	0	78408436	0
FFQ	41	0	0	89	0	0	0	0	0	0	0	0	0	1338284	0	0	0	0	0	0	0	0	0	1034704	0	0	0	0	1576579	0	0	0	0	2094630	0	0	0	0	7064315	0	0	0	78530574	0
FFQ	42	0	0	180	0	0	0	0	0	0	0	0	0	1367507	0	0	0	0	0	0	0	0	0	1031988	0	0	0	0	1576556	0	0	0	0	2128707	0	0	0	0	6961412	0	0	0	78458801	0
FFQ	43	0	0	0	0	0	0	0	0	0	0	0	0	1358028	0	0	0	0	0	0	0	0	0	1035012	0	0	0	0	1587509	0	0	0	0	2175697	0	0	0	0	6937873	0	0	0	78319193	0
FFQ	44	0	0	6604	0	0	0	0	0	0	0	0	0	1369706	0	0	0	0	0	0	0	0	0	1030627	0	0	0	0	1576590	0	0	0	0	2263758	0	0	0	0	6835751	0	0	0	78218698	0
FFQ	45	0	0	137	0	0	0	0	0	0	0	0	0	1369409	0	0	0	0	0	0	0	0	0	1030927	0	0	0	0	1581161	0	0	0	0	2342909	0	0	0	0	6748620	0	0	0	78120051	0
FFQ	46	0	0	0	0	0	0	0	0	0	0	0	0	1394196	0	0	0	0	0	0	0	0	0	1041341	0	0	0	0	1598120	0	0	0	0	2401553	0	0	0	0	6761488	0	0	0	77887803	0
FFQ	47	0	0	836	0	0	0	0	0	0	0	0	0	1370318	0	0	0	0	0	0	0	0	0	1035170	0	0	0	0	1581507	0	0	0	0	2419710	0	0	0	0	6694170	0	0	0	77873816	0
FFQ	48	0	0	0	0	0	0	0	0	0	0	0	0	1418360	0	0	0	0	0	0	0	0	0	1050856	0	0	0	0	1610254	0	0	0	0	2458041	0	0	0	0	6760332	0	0	0	77569426	0
FFQ	49	0	0	3353	0	0	0	0	0	0	0	0	0	1566172	0	0	0	0	0	0	0	0	0	1091642	0	0	0	0	1648937	0	0	0	0	2501219	0	0	0	0	6855431	0	0	0	77092146	0
FFQ	50	0	0	0	0	0	0	0	0	0	0	0	0	1436275	0	0	0	0	0	0	0	0	0	1098159	0	0	0	0	1701614	0	0	0	0	2509266	0	0	0	0	6889732	0	0	0	77015177	0
FFQ	51	0	0	118	0	0	0	0	0	0	0	0	0	1440174	0	0	0	0	0	0	0	0	0	1069675	0	0	0	0	1634046	0	0	0	0	2506180	0	0	0	0	6917831	0	0	0	76971497	0
FFQ	52	0	0	7386	0	0	0	0	0	0	0	0	0	1475034	0	0	0	0	0	0	0	0	0	1079517	0	0	0	0	1654231	0	0	0	0	2537505	0	0	0	0	6945439	0	0	0	76729541	0
FFQ	53	0	0	485	0	0	0	0	0	0	0	0	0	1476547	0	0	0	0	0	0	0	0	0	1081815	0	0	0	0	1652328	0	0	0	0	2523212	0	0	0	0	6922204	0	0	0	76661595	0
FFQ	54	0	0	1970	0	0	0	0	0	0	0	0	0	1461145	0	0	0	0	0	0	0	0	0	1082862	0	0	0	0	1646886	0	0	0	0	2521037	0	0	0	0	6959152	0	0	0	76535099	0
FFQ	55	0	0	5669	0	0	0	0	0	0	0	0	0	1542393	0	0	0	0	0	0	0	0	0	1104118	0	0	0	0	1681490	0	0	0	0	2557851	0	0	0	0	6992057	0	0	0	76213641	0
FFQ	56	0	0	36099	0	0	0	0	0	0	0	0	0	1498634	0	0	0	0	0	0	0	0	0	1103250	0	0	0	0	1664153	0	0	0	0	2573288	0	0	0	0	6978437	0	0	0	76135208	0
FFQ	57	0	0	1867	0	0	0	0	0	0	0	0	0	1484213	0	0	0	0	0	0	0	0	0	1102123	0	0	0	0	1661798	0	0	0	0	2588536	0	0	0	0	6950222	0	0	0	76085030	0
FFQ	58	0	0	1419	0	0	0	0	0	0	0	0	0	1525793	0	0	0	0	0	0	0	0	0	1114675	0	0	0	0	1687192	0	0	0	0	2667287	0	0	0	0	6973390	0	0	0	75791305	0
FFQ	59	0	0	6908	0	0	0	0	0	0	0	0	0	1619230	0	0	0	0	0	0	0	0	0	1149175	0	0	0	0	1742173	0	0	0	0	2646615	0	0	0	0	7164755	0	0	0	75322445	0
FFQ	60	0	0	0	0	0	0	0	0	0	0	0	0	1521935	0	0	0	0	0	0	0	0	0	1726390	0	0	0	0	2126117	0	0	0	0	4883202	0	0	0	0	12014128	0	0	0	67274124	0
FFQ	61	0	0	456	0	0	0	0	0	0	0	0	0	1591214	0	0	0	0	0	0	0	0	0	1315931	0	0	0	0	1905392	0	0	0	0	3747568	0	0	0	0	8634842	0	0	0	72228465	0
FFQ	62	0	0	6116	0	0	0	0	0	0	0	0	0	1466403	0	0	0	0	0	0	0	0	0	1193087	0	0	0	0	1720853	0	0	0	0	3205970	0	0	0	0	7467112	0	0	0	74254972	0
FFQ	63	0	0	1570	0	0	0	0	0	0	0	0	0	1451326	0	0	0	0	0	0	0	0	0	1125857	0	0	0	0	1657452	0	0	0	0	2978561	0	0	0	0	6952537	0	0	0	75037742	0
FFQ	64	0	0	222	0	0	0	0	0	0	0	0	0	1483556	0	0	0	0	0	0	0	0	0	1104487	0	0	0	0	1612667	0	0	0	0	2852114	0	0	0	0	6689246	0	0	0	75354653	0
FFQ	65	0	0	0	0	0	0	0	0	0	0	0	0	1450309	0	0	0	0	0	0	0	0	0	1115835	0	0	0	0	1639979	0	0	0	0	2829940	0	0	0	0	6633403	0	0	0	75320003	0
FFQ	66	0	0	1887	0	0	0	0	0	0	0	0	0	1456279	0	0	0	0	0	0	0	0	0	1132918	0	0	0	0	1595073	0	0	0	0	2835015	0	0	0	0	6655744	0	0	0	75203038	0
FFQ	67	0	0	2009	0	0	0	0	0	0	0	0	0	1478624	0	0	0	0	0	0	0	0	0	1197822	0	0	0	0	1534324	0	0	0	0	2824769	0	0	0	0	6638104	0	0	0	75091902	0
FFQ	68	0	0	77	0	0	0	0	0	0	0	0	0	1643151	0	0	0	0	0	0	0	0	0	1259962	0	0	0	0	1562531	0	0	0	0	2869041	0	0	0	0	6706704	0	0	0	74610860	0
FFQ	69	0	0	596	0	0	0	0	0	0	0	0	0	1507926	0	0	0	0	0	0	0	0	0	1310319	0	0	0	0	1605980	0	0	0	0	2901491	0	0	0	0	6737955	0	0	0	74472000	0
FFQ	70	0	0	3863	0	0	0	0	0	0	0	0	0	1460470	0	0	0	0	0	0	0	0	0	1302407	0	0	0	0	1470006	0	0	0	0	2880947	0	0	0	0	6781851	0	0	0	74518279	0
FFQ	71	0	0	4157	0	0	0	0	0	0	0	0	0	1473361	0	0	0	0	0	0	0	0	0	1310801	0	0	0	0	1443527	0	0	0	0	2850485	0	0	0	0	6689852	0	0	0	74524110	0
FFQ	72	0	0	23	0	0	0	0	0	0	0	0	0	1546449	0	0	0	0	0	0	0	0	0	1364714	0	0	0	0	1451566	0	0	0	0	2893418	0	0	0	0	6811776	0	0	0	74105054	0
FFQ	73	0	0	1092	0	0	0	0	0	0	0	0	0	1526072	0	0	0	0	0	0	0	0	0	1390751	0	0	0	0	1445382	0	0	0	0	2907250	0	0	0	0	6845768	0	0	0	73923178	0
FFQ	74	0	0	56	0	0	0	0	0	0	0	0	0	1516953	0	0	0	0	0	0	0	0	0	1406749	0	0	0	0	1418007	0	0	0	0	2896642	0	0	0	0	6868175	0	0	0	73804985	0
FFQ	75	0	0	1221	0	0	0	0	0	0	0	0	0	1527274	0	0	0	0	0	0	0	0	0	1414297	0	0	0	0	1425694	0	0	0	0	2905696	0	0	0	0	6893163	0	0	0	73615338	0
FFQ	76	0	0	1897	0	0	0	0	0	0	0	0	0	1557728	0	0	0	0	0	0	0	0	0	1423604	0	0	0	0	1441289	0	0	0	0	2943828	0	0	0	0	6951240	0	0	0	73334781	0
FFQ	77	0	0	279	0	0	0	0	0	0	0	0	0	1533179	0	0	0	0	0	0	0	0	0	1417844	0	0	0	0	1421554	0	0	0	0	2926462	0	0	0	0	6912718	0	0	0	73317773	0
FFQ	78	0	0	0	0	0	0	0	0	0	0	0	0	1545338	0	0	0	0	0	0	0	0	0	1435029	0	0	0	0	1441504	0	0	0	0	2967396	0	0	0	0	6996766	0	0	0	73019774	0
FFQ	79	0	0	3286	0	0	0	0	0	0	0	0	0	1567089	0	0	0	0	0	0	0	0	0	1441464	0	0	0	0	1451465	0	0	0	0	2982465	0	0	0	0	7024107	0	0	0	72811108	0
FFQ	80	0	0	1433	0	0	0	0	0	0	0	0	0	1542889	0	0	0	0	0	0	0	0	0	1428731	0	0	0	0	1434868	0	0	0	0	2953568	0	0	0	0	6984336	0	0	0	72809416	0
FFQ	81	0	0	1514	0	0	0	0	0	0	0	0	0	1587599	0	0	0	0	0	0	0	0	0	1449329	0	0	0	0	1465910	0	0	0	0	2984469	0	0	0	0	7092835	0	0	0	72443711	0
FFQ	82	0	0	3400	0	0	0	0	0	0	0	0	0	1562325	0	0	0	0	0	0	0	0	0	1456845	0	0	0	0	1462315	0	0	0	0	3014561	0	0	0	0	7120765	0	0	0	72278185	0
FFQ	83	0	0	0	0	0	0	0	0	0	0	0	0	1586772	0	0	0	0	0	0	0	0	0	1455657	0	0	0	0	1476194	0	0	0	0	3005331	0	0	0	0	7112968	0	0	0	72134008	0
FFQ	84	0	0	3223	0	0	0	0	0	0	0	0	0	1561345	0	0	0	0	0	0	0	0	0	1447882	0	0	0	0	1458872	0	0	0	0	3012827	0	0	0	0	7133078	0	0	0	72028793	0
FFQ	85	0	0	6958	0	0	0	0	0	0	0	0	0	1611996	0	0	0	0	0	0	0	0	0	1457031	0	0	0	0	1471754	0	0	0	0	3013694	0	0	0	0	7143515	0	0	0	71817731	0
FFQ	86	0	0	3866	0	0	0	0	0	0	0	0	0	1566651	0	0	0	0	0	0	0	0	0	1454621	0	0	0	0	1474947	0	0	0	0	3028387	0	0	0	0	7167020	0	0	0	71706121	0
FFQ	87	0	0	0	0	0	0	0	0	0	0	0	0	1577886	0	0	0	0	0	0	0	0	0	1445656	0	0	0	0	1476498	0	0	0	0	3030546	0	0	0	0	7180825	0	0	0	71567813	0
FFQ	88	0	0	0	0	0	0	0	0	0	0	0	0	1606346	0	0	0	0	0	0	0	0	0	1452310	0	0	0	0	1483874	0	0	0	0	3069688	0	0	0	0	7138003	0	0	0	71407016	0
FFQ	89	0	0	3245	0	0	0	0	0	0	0	0	0	1666070	0	0	0	0	0	0	0	0	0	1500209	0	0	0	0	1529790	0	0	0	0	3166456	0	0	0	0	7278361	0	0	0	70890894	0
FFQ	90	0	0	12	0	0	0	0	0	0	0	0	0	1684524	0	0	0	0	0	0	0	0	0	1531921	0	0	0	0	1545170	0	0	0	0	3240122	0	0	0	0	7361714	0	0	0	70549550	0
FFQ	91	0	0	3931	0	0	0	0	0	0	0	0	0	1648531	0	0	0	0	0	0	0	0	0	1514478	0	0	0	0	1532760	0	0	0	0	3226762	0	0	0	0	7364912	0	0	0	70500421	0
FFQ	92	0	0	1533	0	0	0	0	0	0	0	0	0	1641084	0	0	0	0	0	0	0	0	0	1496360	0	0	0	0	1531403	0	0	0	0	3219154	0	0	0	0	7363317	0	0	0	70417972	0
FFQ	93	0	0	666	0	0	0	0	0	0	0	0	0	1685187	0	0	0	0	0	0	0	0	0	1468224	0	0	0	0	1478518	0	0	0	0	3146734	0	0	0	0	7240705	0	0	0	70531244	0
FFQ	94	0	0	0	0	0	0	0	0	0	0	0	0	1667886	0	0	0	0	0	0	0	0	0	1563726	0	0	0	0	1605919	0	0	0	0	3288113	0	0	0	0	7450193	0	0	0	69854635	0
FFQ	95	0	0	2467	0	0	0	0	0	0	0	0	0	1660400	0	0	0	0	0	0	0	0	0	1515788	0	0	0	0	1546873	0	0	0	0	3302665	0	0	0	0	7452091	0	0	0	69827623	0
FFQ	96	0	0	807	0	0	0	0	0	0	0	0	0	1738768	0	0	0	0	0	0	0	0	0	1547755	0	0	0	0	1582547	0	0	0	0	3333140	0	0	0	0	7568647	0	0	0	69412201	0
FFQ	97	0	0	5864	0	0	0	0	0	0	0	0	0	1722747	0	0	0	0	0	0	0	0	0	1558078	0	0	0	0	1587714	0	0	0	0	3374222	0	0	0	0	7577655	0	0	0	69235269	0
FFQ	98	0	0	0	0	0	0	0	0	0	0	0	0	1776134	0	0	0	0	0	0	0	0	0	1598317	0	0	0	0	1634491	0	0	0	0	3487204	0	0	0	0	7716875	0	0	0	68725240	0
FFQ	99	0	0	1741	0	0	0	0	0	0	0	0	0	1664857	0	0	0	0	0	0	0	0	0	1530318	0	0	0	0	1580298	0	0	0	0	3378892	0	0	0	0	7593608	0	0	0	69065595	0
FFQ	100	0	0	38	0	0	0	0	0	0	0	0	0	1803357	0	0	0	0	0	0	0	0	0	1594002	0	0	0	0	1650225	0	0	0	0	3481246	0	0	0	0	7779203	0	0	0	68378967	0
FFQ	101	0	0	1041	0	0	0	0	0	0	0	0	0	1792749	0	0	0	0	0	0	0	0	0	1627475	0	0	0	0	1671437	0	0	0	0	3515599	0	0	0	0	7871521	0	0	0	68081329	0
FFQ	102	0	0	145	0	0	0	0	0	0	0	0	0	1770411	0	0	0	0	0	0	0	0	0	1627458	0	0	0	0	1660147	0	0	0	0	3518577	0	0	0	0	8155306	0	0	0	67700254	0
FFQ	103	0	0	803	0	0	0	0	0	0	0	0	0	2150666	0	0	0	0	0	0	0	0	0	1738624	0	0	0	0	1719891	0	0	0	0	3585622	0	0	0	0	8470728	0	0	0	66634474	0
FFQ	104	0	0	2575	0	0	0	0	0	0	0	0	0	1799763	0	0	0	0	0	0	0	0	0	1752659	0	0	0	0	1768202	0	0	0	0	3654075	0	0	0	0	8579173	0	0	0	66616274	0
FFQ	105	0	0	87	0	0	0	0	0	0	0	0	0	1782168	0	0	0	0	0	0	0	0	0	1670799	0	0	0	0	1663800	0	0	0	0	3569986	0	0	0	0	8945878	0	0	0	66410653	0
FFQ	106	0	0	1795	0	0	0	0	0	0	0	0	0	1783581	0	0	0	0	0	0	0	0	0	1675203	0	0	0	0	1701239	0	0	0	0	3603367	0	0	0	0	8957727	0	0	0	66186623	0
FFQ	107	0	0	3711	0	0	0	0	0	0	0	0	0	1805203	0	0	0	0	0	0	0	0	0	1657192	0	0	0	0	1687331	0	0	0	0	3563656	0	0	0	0	9082812	0	0	0	65975886	0
FFQ	108	0	0	4633	0	0	0	0	0	0	0	0	0	1871503	0	0	0	0	0	0	0	0	0	1703385	0	0	0	0	1723559	0	0	0	0	3611534	0	0	0	0	9363579	0	0	0	65362188	0
FFQ	109	0	0	333	0	0	0	0	0	0	0	0	0	1890792	0	0	0	0	0	0	0	0	0	1723950	0	0	0	0	1741904	0	0	0	0	3617562	0	0	0	0	9535321	0	0	0	64995941	0
FFQ	110	0	0	635	0	0	0	0	0	0	0	0	0	1812405	0	0	0	0	0	0	0	0	0	1683711	0	0	0	0	1757839	0	0	0	0	3515461	0	0	0	0	9771236	0	0	0	64830658	0
FFQ	111	0	0	3732	0	0	0	0	0	0	0	0	0	1949803	0	0	0	0	0	0	0	0	0	1738496	0	0	0	0	1734129	0	0	0	0	3628735	0	0	0	0	9954342	0	0	0	64226915	0
FFQ	112	0	0	2594	0	0	0	0	0	0	0	0	0	1745484	0	0	0	0	0	0	0	0	0	1731494	0	0	0	0	1823776	0	0	0	0	3371224	0	0	0	0	10163902	0	0	0	64262650	0
FFQ	113	0	0	0	0	0	0	0	0	5957	0	0	0	1870565	0	0	0	0	0	0	0	0	0	1746139	0	0	0	0	1813337	0	0	0	0	3613885	0	0	0	0	10459877	0	0	0	63452029	0
FFQ	114	0	0	1848	0	0	0	0	0	0	0	0	0	1893238	0	0	0	0	0	0	0	0	0	1763895	0	0	0	0	1888081	0	0	0	0	3576753	0	0	0	0	10593337	0	0	0	63102469	0
FFQ	115	0	0	0	0	0	0	0	0	5620	0	0	0	1924804	0	0	0	0	0	0	0	0	0	1768425	0	0	0	0	1968858	0	0	0	0	3535643	0	0	0	0	10666797	0	0	0	62799797	0
FFQ	116	0	0	3037	0	0	0	0	0	4694	0	0	0	1923240	0	0	0	0	0	0	0	0	0	1745810	0	0	0	0	1999151	0	0	0	0	3508352	0	0	0	0	10808149	0	0	0	62516140	0
FFQ	117	0	0	0	0	0	0	0	0	5397	0	0	0	1951405	0	0	0	0	0	0	0	0	0	1702675	0	0	0	0	1991216	0	0	0	0	3509775	0	0	0	0	10893380	0	0	0	62284306	0
FFQ	118	0	0	493	0	0	0	0	0	22302	0	0	0	1986649	0	0	0	0	0	0	0	0	0	1579225	0	0	0	0	1964351	0	0	0	0	3525505	0	0	0	0	10958540	0	0	0	62124815	0
FFQ	119	0	0	189	0	0	0	0	0	21863	0	0	0	2002161	0	0	0	0	0	0	0	0	0	1596454	0	0	0	0	2025072	0	0	0	0	3511972	0	0	0	0	11025939	0	0	0	61807974	0
FFQ	120	0	0	4813	0	0	0	0	0	23756	0	0	0	1999249	0	0	0	0	0	0	0	0	0	1560549	0	0	0	0	2093196	0	0	0	0	3454260	0	0	0	0	11160240	0	0	0	61524517	0
FFQ	121	0	0	96	0	0	0	0	0	21274	0	0	0	2073008	0	0	0	0	0	0	0	0	0	1584939	0	0	0	0	2103481	0	0	0	0	3550333	0	0	0	0	11350179	0	0	0	60967318	0
FFQ	122	0	0	882	0	0	0	0	0	42986	0	0	0	2006866	0	0	0	0	0	0	0	0	0	1590498	0	0	0	0	2105246	0	0	0	0	3606657	0	0	0	0	11326005	0	0	0	60802130	0
FFQ	123	0	0	87	0	0	0	0	0	65798	0	0	0	2013747	0	0	0	0	0	0	0	0	0	1614950	0	0	0	0	2154177	0	0	0	0	3693303	0	0	0	0	11362181	0	0	0	60398544	0
FFQ	124	0	0	3937	0	0	0	0	0	65646	0	0	0	2036645	0	0	0	0	0	0	0	0	0	1541202	0	0	0	0	2166790	0	0	0	0	3617055	0	0	0	0	11339075	0	0	0	60346633	0
FFQ	125	0	0	2720	0	0	0	0	0	215929	0	0	0	1954627	0	0	0	0	0	0	0	0	0	1541452	0	0	0	0	2061079	0	0	0	0	4180329	0	0	0	0	10629933	0	0	0	60343239	0
FFQ	126	0	0	6751	0	0	0	0	0	78980	0	0	0	2230096	0	0	0	0	0	0	0	0	0	1709550	0	0	0	0	2254980	0	0	0	0	3811284	0	0	0	0	11617240	0	0	0	59023498	0
FFQ	127	0	0	593	0	0	0	0	0	189033	0	0	0	2095754	0	0	0	0	0	0	0	0	0	1686204	0	0	0	0	2216850	0	0	0	0	4317710	0	0	0	0	11431674	0	0	0	58594136	0
FFQ	128	0	0	2173	0	0	0	0	0	231764	0	0	0	1970886	0	0	0	0	0	0	0	0	0	1567828	0	0	0	0	2156171	0	0	0	0	4480605	0	0	0	0	11183148	0	0	0	58738278	0
FFQ	129	0	0	0	0	0	0	0	0	253048	0	0	0	1959234	0	0	0	0	0	0	0	0	0	1553808	0	0	0	0	2164298	0	0	0	0	4613752	0	0	0	0	11167003	0	0	0	58416189	0
FFQ	130	0	0	3317	0	0	0	0	0	250236	0	0	0	1988489	0	0	0	0	0	0	0	0	0	1525696	0	0	0	0	2185852	0	0	0	0	4651430	0	0	0	0	11245929	0	0	0	58070441	0
FFQ	131	0	0	536	0	0	0	0	0	263294	0	0	0	2060430	0	0	0	0	0	0	0	0	0	1568863	0	0	0	0	2230856	0	0	0	0	4689131	0	0	0	0	11295181	0	0	0	57601599	0
FFQ	132	0	0	604	0	0	0	0	0	266803	0	0	0	2130305	0	0	0	0	0	0	0	0	0	1576655	0	0	0	0	2247737	0	0	0	0	4766725	0	0	0	0	11301939	0	0	0	57195679	0
FFQ	133	0	0	6600	0	0	0	0	0	275876	0	0	0	1906711	0	0	0	0	0	0	0	0	0	1654595	0	0	0	0	2303489	0	0	0	0	4937121	0	0	0	0	11034320	0	0	0	57062444	0
FFQ	134	0	0	1443	0	0	0	0	0	234459	0	0	0	1357448	0	0	0	0	0	0	0	0	0	1674239	0	0	0	0	2464035	0	0	0	0	5261255	0	0	0	0	10525760	0	0	0	56862651	0
FFQ	135	0	0	0	0	0	0	0	0	0	0	0	0	0	0	0	0	0	0	0	0	0	0	3382972	0	0	0	0	4643802	0	0	0	0	9007576	0	0	0	0	15244780	0	0	0	41098570	0
# Last Fragment Qualities. Use `grep ^LFQ | cut -f 2-` to extract this part.
# Columns correspond to qualities and rows to cycles. First column is the cycle number.
LFQ	1	0	0	0	0	0	0	0	0	0	0	0	0	1399377	0	0	0	0	0	0	0	0	0	949306	0	0	0	0	1528853	0	0	0	0	2081105	0	0	0	0	7155672	0	0	0	78638258	0
LFQ	2	0	0	6935	0	0	0	0	0	0	0	0	0	1298150	0	0	0	0	0	0	0	0	0	995514	0	0	0	0	1674333	0	0	0	0	2090406	0	0	0	0	7352605	0	0	0	78334628	0
LFQ	3	0	0	77	0	0	0	0	0	0	0	0	0	1244817	0	0	0	0	0	0	0	0	0	952536	0	0	0	0	1592812	0	0	0	0	2093636	0	0	0	0	7412199	0	0	0	78456494	0
LFQ	4	0	0	3479	0	0	0	0	0	0	0	0	0	1351181	0	0	0	0	0	0	0	0	0	990783	0	0	0	0	1677456	0	0	0	0	2192531	0	0	0	0	7673138	0	0	0	77864003	0
LFQ	5	0	0	34941	0	0	0	0	0	0	0	0	0	1259115	0	0	0	0	0	0	0	0	0	971034	0	0	0	0	1630582	0	0	0	0	2148599	0	0	0	0	7515647	0	0	0	78192653	0
LFQ	6	0	0	890	0	0	0	0	0	0	0	0	0	1293003	0	0	0	0	0	0	0	0	0	977526	0	0	0	0	1646955	0	0	0	0	2164508	0	0	0	0	7531059	0	0	0	78138630	0
LFQ	7	0	0	7692	0	0	0	0	0	0	0	0	0	1446816	0	0	0	0	0	0	0	0	0	1013568	0	0	0	0	1674644	0	0	0	0	2176423	0	0	0	0	7564251	0	0	0	77869177	0
LFQ	8	0	0	327	0	0	0	0	0	0	0	0	0	1409745	0	0	0	0	0	0	0	0	0	1054980	0	0	0	0	1810626	0	0	0	0	2246352	0	0	0	0	7834934	0	0	0	77395607	0
LFQ	9	0	0	230	0	0	0	0	0	0	0	0	0	1472050	0	0	0	0	0	0	0	0	0	1043805	0	0	0	0	1753126	0	0	0	0	2271999	0	0	0	0	7988298	0	0	0	77223063	0
LFQ	10	0	0	9372	0	0	0	0	0	0	0	0	0	1597968	0	0	0	0	0	0	0	0	0	1092638	0	0	0	0	1816507	0	0	0	0	2314738	0	0	0	0	8045075	0	0	0	76876273	0
LFQ	11	0	0	3142	0	0	0	0	0	0	0	0	0	1401247	0	0	0	0	0	0	0	0	0	1089045	0	0	0	0	1831876	0	0	0	0	2298417	0	0	0	0	7977607	0	0	0	77151237	0
LFQ	12	0	0	157	0	0	0	0	0	0	0	0	0	1576339	0	0	0	0	0	0	0	0	0	1097948	0	0	0	0	1792873	0	0	0	0	2326206	0	0	0	0	8039602	0	0	0	76919446	0
LFQ	13	0	0	4608	0	0	0	0	0	0	0	0	0	1438688	0	0	0	0	0	0	0	0	0	1110118	0	0	0	0	1850100	0	0	0	0	2328608	0	0	0	0	8023073	0	0	0	76997376	0
LFQ	14	0	0	0	0	0	0	0	0	0	0	0	0	1541068	0	0	0	0	0	0	0	0	0	1123347	0	0	0	0	1832765	0	0	0	0	2408748	0	0	0	0	8307620	0	0	0	76539023	0
LFQ	15	0	0	3688	0	0	0	0	0	0	0	0	0	1875424	0	0	0	0	0	0	0	0	0	1202813	0	0	0	0	1912937	0	0	0	0	2460512	0	0	0	0	8388616	0	0	0	75908581	0
LFQ	16	0	0	3	0	0	0	0	0	0	0	0	0	1700324	0	0	0	0	0	0	0	0	0	1202844	0	0	0	0	1983346	0	0	0	0	2459949	0	0	0	0	8494653	0	0	0	75911452	0
LFQ	17	0	0	6910	0	0	0	0	0	0	0	0	0	1848265	0	0	0	0	0	0	0	0	0	1237919	0	0	0	0	1993862	0	0	0	0	2486904	0	0	0	0	8543573	0	0	0	75635138	0
LFQ	18	0	0	0	0	0	0	0	0	0	0	0	0	1597155	0	0	0	0	0	0	0	0	0	1224318	0	0	0	0	2057580	0	0	0	0	2486838	0	0	0	0	8516563	0	0	0	75870117	0
LFQ	19	0	0	0	0	0	0	0	0	0	0	0	0	1742451	0	0	0	0	0	0	0	0	0	1214053	0	0	0	0	1968254	0	0	0	0	2503289	0	0	0	0	8583930	0	0	0	75740594	0
LFQ	20	0	0	6859	0	0	0	0	0	0	0	0	0	1982400	0	0	0	0	0	0	0	0	0	1306757	0	0	0	0	2103400	0	0	0	0	2607440	0	0	0	0	8856073	0	0	0	74889642	0
LFQ	21	0	0	1062	0	0	0	0	0	0	0	0	0	1780254	0	0	0	0	0	0	0	0	0	1291501	0	0	0	0	2087166	0	0	0	0	2636908	0	0	0	0	8983293	0	0	0	74972387	0
LFQ	22	0	0	2223	0	0	0	0	0	0	0	0	0	1836119	0	0	0	0	0	0	0	0	0	1292946	0	0	0	0	2076769	0	0	0	0	2665946	0	0	0	0	9008431	0	0	0	74870137	0
LFQ	23	0	0	1224	0	0	0	0	0	0	0	0	0	1971768	0	0	0	0	0	0	0	0	0	1336294	0	0	0	0	2111784	0	0	0	0	2670943	0	0	0	0	8896157	0	0	0	74764401	0
LFQ	24	0	0	1027	0	0	0	0	0	0	0	0	0	1949486	0	0	0	0	0	0	0	0	0	1379452	0	0	0	0	2208535	0	0	0	0	2692868	0	0	0	0	8937865	0	0	0	74583338	0
LFQ	25	0	0	2718	0	0	0	0	0	0	0	0	0	2054365	0	0	0	0	0	0	0	0	0	1416730	0	0	0	0	2222214	0	0	0	0	2761158	0	0	0	0	9187409	0	0	0	74107977	0
LFQ	26	0	0	226	0	0	0	0	0	0	0	0	0	2489773	0	0	0	0	0	0	0	0	0	1517158	0	0	0	0	2335800	0	0	0	0	2855174	0	0	0	0	9355200	0	0	0	73199240	0
LFQ	27	0	0	5904	0	0	0	0	0	0	0	0	0	2097683	0	0	0	0	0	0	0	0	0	1486570	0	0	0	0	2366890	0	0	0	0	2875665	0	0	0	0	9461882	0	0	0	73457977	0
LFQ	28	0	0	0	0	0	0	0	0	0	0	0	0	2116368	0	0	0	0	0	0	0	0	0	1446516	0	0	0	0	2291735	0	0	0	0	2976832	0	0	0	0	9407945	0	0	0	73513175	0
LFQ	29	0	0	817	0	0	0	0	0	0	0	0	0	2365073	0	0	0	0	0	0	0	0	0	1508592	0	0	0	0	2337091	0	0	0	0	3103043	0	0	0	0	9304976	0	0	0	73132979	0
LFQ	30	0	0	0	0	0	0	0	0	0	0	0	0	2239487	0	0	0	0	0	0	0	0	0	1526301	0	0	0	0	2399904	0	0	0	0	3131509	0	0	0	0	9249313	0	0	0	73206057	0
LFQ	31	0	0	3966	0	0	0	0	0	0	0	0	0	2335493	0	0	0	0	0	0	0	0	0	1548441	0	0	0	0	2387129	0	0	0	0	3271513	0	0	0	0	9236248	0	0	0	72969781	0
LFQ	32	0	0	1962	0	0	0	0	0	0	0	0	0	2751091	0	0	0	0	0	0	0	0	0	1672617	0	0	0	0	2521651	0	0	0	0	3460726	0	0	0	0	9392236	0	0	0	71952288	0
LFQ	33	0	0	1729	0	0	0	0	0	0	0	0	0	2539997	0	0	0	0	0	0	0	0	0	1704871	0	0	0	0	2594800	0	0	0	0	3508748	0	0	0	0	9479095	0	0	0	71923331	0
LFQ	34	0	0	7637	0	0	0	0	0	0	0	0	0	2675588	0	0	0	0	0	0	0	0	0	1723044	0	0	0	0	2571024	0	0	0	0	3625780	0	0	0	0	9641119	0	0	0	71508379	0
LFQ	35	0	0	12006	0	0	0	0	0	0	0	0	0	2792806	0	0	0	0	0	0	0	0	0	1789385	0	0	0	0	2627949	0	0	0	0	3654272	0	0	0	0	9591300	0	0	0	71284853	0
LFQ	36	0	0	0	0	0	0	0	0	0	0	0	0	3015646	0	0	0	0	0	0	0	0	0	1857636	0	0	0	0	2715723	0	0	0	0	3694151	0	0	0	0	9611257	0	0	0	70858158	0
LFQ	37	0	0	11600	0	0	0	0	0	0	0	0	0	2994906	0	0	0	0	0	0	0	0	0	1922038	0	0	0	0	2814821	0	0	0	0	3751127	0	0	0	0	9776036	0	0	0	70482043	0
LFQ	38	0	0	163	0	0	0	0	0	0	0	0	0	2914837	0	0	0	0	0	0	0	0	0	1887511	0	0	0	0	2779855	0	0	0	0	3824818	0	0	0	0	9909125	0	0	0	70436262	0
LFQ	39	0	0	2623	0	0	0	0	0	0	0	0	0	3129574	0	0	0	0	0	0	0	0	0	1864376	0	0	0	0	2703003	0	0	0	0	3786748	0	0	0	0	9778429	0	0	0	70487818	0
LFQ	40	0	0	5841	0	0	0	0	0	0	0	0	0	3289372	0	0	0	0	0	0	0	0	0	2040878	0	0	0	0	2829275	0	0	0	0	3844305	0	0	0	0	9774529	0	0	0	69968371	0
LFQ	41	0	0	0	0	0	0	0	0	0	0	0	0	2986927	0	0	0	0	0	0	0	0	0	2044685	0	0	0	0	2867673	0	0	0	0	3956659	0	0	0	0	9743819	0	0	0	69876146	0
LFQ	42	0	0	6966	0	0	0	0	0	0	0	0	0	3296493	0	0	0	0	0	0	0	0	0	2034396	0	0	0	0	2772212	0	0	0	0	4086926	0	0	0	0	9547012	0	0	0	69452301	0
LFQ	43	0	0	1333	0	0	0	0	0	0	0	0	0	3243551	0	0	0	0	0	0	0	0	0	2107385	0	0	0	0	2916443	0	0	0	0	4241980	0	0	0	0	9583651	0	0	0	68822123	0
LFQ	44	0	0	831	0	0	0	0	0	0	0	0	0	3384548	0	0	0	0	0	0	0	0	0	2140384	0	0	0	0	2931670	0	0	0	0	4423050	0	0	0	0	9708609	0	0	0	68049365	0
LFQ	45	0	0	6357	0	0	0	0	0	0	0	0	0	3088665	0	0	0	0	0	0	0	0	0	2090703	0	0	0	0	2809181	0	0	0	0	4434791	0	0	0	0	9540491	0	0	0	68401885	0
LFQ	46	0	0	10	0	0	0	0	0	0	0	0	0	3011476	0	0	0	0	0	0	0	0	0	2035503	0	0	0	0	2745943	0	0	0	0	4378183	0	0	0	0	9457607	0	0	0	68470988	0
LFQ	47	0	0	414	0	0	0	0	0	0	0	0	0	3380376	0	0	0	0	0	0	0	0	0	2082406	0	0	0	0	2755510	0	0	0	0	4330538	0	0	0	0	9313533	0	0	0	67961776	0
LFQ	48	0	0	6937	0	0	0	0	0	0	0	0	0	3050107	0	0	0	0	0	0	0	0	0	2098902	0	0	0	0	2919325	0	0	0	0	4396029	0	0	0	0	9418050	0	0	0	67664584	0
LFQ	49	0	0	3	0	0	0	0	0	0	0	0	0	3118333	0	0	0	0	0	0	0	0	0	2056133	0	0	0	0	2766443	0	0	0	0	4414784	0	0	0	0	9528784	0	0	0	67400812	0
LFQ	50	0	0	8487	0	0	0	0	0	0	0	0	0	3135556	0	0	0	0	0	0	0	0	0	2090123	0	0	0	0	2761172	0	0	0	0	4403078	0	0	0	0	9503726	0	0	0	67115093	0
LFQ	51	0	0	0	0	0	0	0	0	0	0	0	0	3011691	0	0	0	0	0	0	0	0	0	2061348	0	0	0	0	2692499	0	0	0	0	4365752	0	0	0	0	9483043	0	0	0	67135379	0
LFQ	52	0	0	478	0	0	0	0	0	0	0	0	0	2981042	0	0	0	0	0	0	0	0	0	2057726	0	0	0	0	2628385	0	0	0	0	4351074	0	0	0	0	9459545	0	0	0	67001962	0
LFQ	53	0	0	5465	0	0	0	0	0	0	0	0	0	3133837	0	0	0	0	0	0	0	0	0	2126663	0	0	0	0	2597943	0	0	0	0	4322613	0	0	0	0	9435212	0	0	0	66589481	0
LFQ	54	0	0	2162	0	0	0	0	0	0	0	0	0	2828455	0	0	0	0	0	0	0	0	0	2212568	0	0	0	0	2385768	0	0	0	0	4256062	0	0	0	0	9279516	0	0	0	66976204	0
LFQ	55	0	0	1197	0	0	0	0	0	0	0	0	0	2884971	0	0	0	0	0	0	0	0	0	2295666	0	0	0	0	2317143	0	0	0	0	4277775	0	0	0	0	9382793	0	0	0	66500861	0
LFQ	56	0	0	7734	0	0	0	0	0	0	0	0	0	3166550	0	0	0	0	0	0	0	0	0	2411774	0	0	0	0	2362714	0	0	0	0	4356018	0	0	0	0	9533083	0	0	0	65548989	0
LFQ	57	0	0	6105	0	0	0	0	0	0	0	0	0	2800124	0	0	0	0	0	0	0	0	0	2401514	0	0	0	0	2215172	0	0	0	0	4293484	0	0	0	0	9386872	0	0	0	66001808	0
LFQ	58	0	0	0	0	0	0	0	0	0	0	0	0	2963014	0	0	0	0	0	0	0	0	0	2455661	0	0	0	0	2246377	0	0	0	0	4364799	0	0	0	0	9589193	0	0	0	65194397	0
LFQ	59	0	0	387	0	0	0	0	0	0	0	0	0	2967961	0	0	0	0	0	0	0	0	0	2296631	0	0	0	0	2480640	0	0	0	0	4417623	0	0	0	0	9621395	0	0	0	64753258	0
LFQ	60	0	0	28499	0	0	0	0	0	0	0	0	0	2948150	0	0	0	0	0	0	0	0	0	3800202	0	0	0	0	2678278	0	0	0	0	7033948	0	0	0	0	15402753	0	0	0	54392242	0
LFQ	61	0	0	1662	0	0	0	0	0	0	0	0	0	2894931	0	0	0	0	0	0	0	0	0	2891413	0	0	0	0	2363310	0	0	0	0	5493125	0	0	0	0	11867029	0	0	0	60481259	0
LFQ	62	0	0	11148	0	0	0	0	0	0	0	0	0	2809962	0	0	0	0	0	0	0	0	0	2533060	0	0	0	0	2205703	0	0	0	0	4693863	0	0	0	0	10264853	0	0	0	63201205	0
LFQ	63	0	0	0	0	0	0	0	0	0	0	0	0	2648352	0	0	0	0	0	0	0	0	0	2355522	0	0	0	0	2114938	0	0	0	0	4312933	0	0	0	0	9579528	0	0	0	64457018	0
LFQ	64	0	0	27	0	0	0	0	0	0	0	0	0	2784871	0	0	0	0	0	0	0	0	0	2288997	0	0	0	0	2078025	0	0	0	0	4146749	0	0	0	0	9209649	0	0	0	64711155	0
LFQ	65	0	0	751	0	0	0	0	0	0	0	0	0	2548018	0	0	0	0	0	0	0	0	0	2282459	0	0	0	0	2081993	0	0	0	0	4070418	0	0	0	0	9025539	0	0	0	64961681	0
LFQ	66	0	0	3128	0	0	0	0	0	0	0	0	0	2733020	0	0	0	0	0	0	0	0	0	2240187	0	0	0	0	2049204	0	0	0	0	4024638	0	0	0	0	8943585	0	0	0	64732414	0
LFQ	67	0	0	2150	0	0	0	0	0	0	0	0	0	2784499	0	0	0	0	0	0	0	0	0	2332332	0	0	0	0	2117337	0	0	0	0	4018380	0	0	0	0	8892302	0	0	0	64340929	0
LFQ	68	0	0	5226	0	0	0	0	0	0	0	0	0	2564698	0	0	0	0	0	0	0	0	0	2248228	0	0	0	0	2041402	0	0	0	0	4027594	0	0	0	0	8884381	0	0	0	64480840	0
LFQ	69	0	0	4113	0	0	0	0	0	0	0	0	0	2491879	0	0	0	0	0	0	0	0	0	2164014	0	0	0	0	1975403	0	0	0	0	3972205	0	0	0	0	8910909	0	0	0	64507562	0
LFQ	70	0	0	1220	0	0	0	0	0	0	0	0	0	2503744	0	0	0	0	0	0	0	0	0	2168657	0	0	0	0	2011850	0	0	0	0	4022820	0	0	0	0	8898468	0	0	0	64194266	0
LFQ	71	0	0	3345	0	0	0	0	0	0	0	0	0	2441491	0	0	0	0	0	0	0	0	0	2097040	0	0	0	0	1954481	0	0	0	0	3974048	0	0	0	0	8820341	0	0	0	64291937	0
LFQ	72	0	0	4	0	0	0	0	0	0	0	0	0	2415877	0	0	0	0	0	0	0	0	0	2059919	0	0	0	0	1938295	0	0	0	0	3939930	0	0	0	0	8655888	0	0	0	64352198	0
LFQ	73	0	0	0	0	0	0	0	0	0	0	0	0	2510334	0	0	0	0	0	0	0	0	0	2110493	0	0	0	0	1998177	0	0	0	0	4026871	0	0	0	0	8810944	0	0	0	63680757	0
LFQ	74	0	0	562	0	0	0	0	0	0	0	0	0	2570497	0	0	0	0	0	0	0	0	0	2114955	0	0	0	0	1978976	0	0	0	0	4084179	0	0	0	0	8663926	0	0	0	63503931	0
LFQ	75	0	0	28818	0	0	0	0	0	0	0	0	0	2460634	0	0	0	0	0	0	0	0	0	2103330	0	0	0	0	1963666	0	0	0	0	4097094	0	0	0	0	8654161	0	0	0	63396269	0
LFQ	76	0	0	4470	0	0	0	0	0	0	0	0	0	2542851	0	0	0	0	0	0	0	0	0	2156586	0	0	0	0	2029988	0	0	0	0	4216071	0	0	0	0	8878331	0	0	0	62655195	0
LFQ	77	0	0	9485	0	0	0	0	0	0	0	0	0	2530091	0	0	0	0	0	0	0	0	0	2166144	0	0	0	0	2039108	0	0	0	0	4254296	0	0	0	0	8939082	0	0	0	62329093	0
LFQ	78	0	0	4	0	0	0	0	0	0	0	0	0	2595404	0	0	0	0	0	0	0	0	0	2173015	0	0	0	0	2032944	0	0	0	0	4216012	0	0	0	0	8901809	0	0	0	62133199	0
LFQ	79	0	0	4403	0	0	0	0	0	0	0	0	0	2640645	0	0	0	0	0	0	0	0	0	2217185	0	0	0	0	2072140	0	0	0	0	4223671	0	0	0	0	8897513	0	0	0	61782712	0
LFQ	80	0	0	1429	0	0	0	0	0	0	0	0	0	2576585	0	0	0	0	0	0	0	0	0	2237043	0	0	0	0	2117757	0	0	0	0	4274580	0	0	0	0	9037052	0	0	0	61378208	0
LFQ	81	0	0	0	0	0	0	0	0	0	0	0	0	2604361	0	0	0	0	0	0	0	0	0	2240267	0	0	0	0	2116865	0	0	0	0	4394368	0	0	0	0	9241040	0	0	0	60816774	0
LFQ	82	0	0	31091	0	0	0	0	0	0	0	0	0	2453848	0	0	0	0	0	0	0	0	0	2160276	0	0	0	0	2071157	0	0	0	0	4293192	0	0	0	0	9343611	0	0	0	60845992	0
LFQ	83	0	0	3706	0	0	0	0	0	0	0	0	0	2707433	0	0	0	0	0	0	0	0	0	2201851	0	0	0	0	2133466	0	0	0	0	4331358	0	0	0	0	9295437	0	0	0	60310243	0
LFQ	84	0	0	26100	0	0	0	0	0	0	0	0	0	2664090	0	0	0	0	0	0	0	0	0	2225592	0	0	0	0	2113017	0	0	0	0	4281159	0	0	0	0	9541094	0	0	0	59914310	0
LFQ	85	0	0	1759	0	0	0	0	0	0	0	0	0	2692153	0	0	0	0	0	0	0	0	0	2311489	0	0	0	0	2139323	0	0	0	0	4358216	0	0	0	0	9696641	0	0	0	59348588	0
LFQ	86	0	0	6920	0	0	0	0	0	0	0	0	0	2641152	0	0	0	0	0	0	0	0	0	2336325	0	0	0	0	2201014	0	0	0	0	4412070	0	0	0	0	10080865	0	0	0	58641829	0
LFQ	87	0	0	8	0	0	0	0	0	0	0	0	0	2859876	0	0	0	0	0	0	0	0	0	2372563	0	0	0	0	2195190	0	0	0	0	4478414	0	0	0	0	10448398	0	0	0	57741755	0
LFQ	88	0	0	513	0	0	0	0	0	0	0	0	0	2675954	0	0	0	0	0	0	0	0	0	2430631	0	0	0	0	2227883	0	0	0	0	4502083	0	0	0	0	10896602	0	0	0	57135465	0
LFQ	89	0	0	3082	0	0	0	0	0	0	0	0	0	2631379	0	0	0	0	0	0	0	0	0	2377123	0	0	0	0	2186966	0	0	0	0	4530682	0	0	0	0	10992930	0	0	0	56917354	0
LFQ	90	0	0	27929	0	0	0	0	0	0	0	0	0	2518354	0	0	0	0	0	0	0	0	0	2280818	0	0	0	0	2149141	0	0	0	0	4342160	0	0	0	0	11052790	0	0	0	57043263	0
LFQ	91	0	0	4220	0	0	0	0	0	0	0	0	0	2736526	0	0	0	0	0	0	0	0	0	2325667	0	0	0	0	2174665	0	0	0	0	4396699	0	0	0	0	11125602	0	0	0	56427467	0
LFQ	92	0	0	6536	0	0	0	0	0	9994	0	0	0	2695704	0	0	0	0	0	0	0	0	0	2378286	0	0	0	0	2189087	0	0	0	0	4297699	0	0	0	0	11435911	0	0	0	55955097	0
LFQ	93	0	0	1951	0	0	0	0	0	0	0	0	0	2662249	0	0	0	0	0	0	0	0	0	2478410	0	0	0	0	2195857	0	0	0	0	4458890	0	0	0	0	12031288	0	0	0	54916683	0
LFQ	94	0	0	739	0	0	0	0	0	11973	0	0	0	2550837	0	0	0	0	0	0	0	0	0	2401814	0	0	0	0	2287772	0	0	0	0	4313309	0	0	0	0	12052120	0	0	0	54898242	0
LFQ	95	0	0	3797	0	0	0	0	0	18150	0	0	0	2580050	0	0	0	0	0	0	0	0	0	2334916	0	0	0	0	2322020	0	0	0	0	4317872	0	0	0	0	12144299	0	0	0	54570012	0
LFQ	96	0	0	0	0	0	0	0	0	16307	0	0	0	2580189	0	0	0	0	0	0	0	0	0	2321419	0	0	0	0	2377111	0	0	0	0	4263757	0	0	0	0	12234118	0	0	0	54260567	0
LFQ	97	0	0	4148	0	0	0	0	0	11405	0	0	0	2728184	0	0	0	0	0	0	0	0	0	2313327	0	0	0	0	2415870	0	0	0	0	4247373	0	0	0	0	12331777	0	0	0	53759722	0
LFQ	98	0	0	0	0	0	0	0	0	17465	0	0	0	2662133	0	0	0	0	0	0	0	0	0	2358839	0	0	0	0	2538804	0	0	0	0	4198351	0	0	0	0	12458724	0	0	0	53319125	0
LFQ	99	0	0	12	0	0	0	0	0	21257	0	0	0	2837999	0	0	0	0	0	0	0	0	0	2333162	0	0	0	0	2577090	0	0	0	0	4232809	0	0	0	0	12546576	0	0	0	52740754	0
LFQ	100	0	0	3778	0	0	0	0	0	34926	0	0	0	2972459	0	0	0	0	0	0	0	0	0	2381940	0	0	0	0	2667490	0	0	0	0	4300698	0	0	0	0	12717532	0	0	0	51927815	0
LFQ	101	0	0	3563	0	0	0	0	0	32338	0	0	0	2701113	0	0	0	0	0	0	0	0	0	2284187	0	0	0	0	2617687	0	0	0	0	4278377	0	0	0	0	12985133	0	0	0	51827623	0
LFQ	102	0	0	0	0	0	0	0	0	46671	0	0	0	2709272	0	0	0	0	0	0	0	0	0	2065255	0	0	0	0	2664465	0	0	0	0	4286784	0	0	0	0	12987774	0	0	0	51684788	0
LFQ	103	0	0	0	0	0	0	0	0	55181	0	0	0	2668084	0	0	0	0	0	0	0	0	0	2038608	0	0	0	0	2633924	0	0	0	0	4262708	0	0	0	0	12968909	0	0	0	51538283	0
LFQ	104	0	0	21687	0	0	0	0	0	50091	0	0	0	3377528	0	0	0	0	0	0	0	0	0	2281950	0	0	0	0	2764005	0	0	0	0	4260639	0	0	0	0	12951815	0	0	0	50168859	0
LFQ	105	0	0	4644	0	0	0	0	0	41696	0	0	0	2897106	0	0	0	0	0	0	0	0	0	2337718	0	0	0	0	2861563	0	0	0	0	4463690	0	0	0	0	13219137	0	0	0	49787035	0
LFQ	106	0	0	5769	0	0	0	0	0	157180	0	0	0	2470036	0	0	0	0	0	0	0	0	0	2050877	0	0	0	0	2567322	0	0	0	0	4866811	0	0	0	0	12957725	0	0	0	50258994	0
LFQ	107	0	0	0	0	0	0	0	0	94318	0	0	0	2822142	0	0	0	0	0	0	0	0	0	2007001	0	0	0	0	2677126	0	0	0	0	4573506	0	0	0	0	13316044	0	0	0	49536918	0
LFQ	108	0	0	230	0	0	0	0	0	145609	0	0	0	2764089	0	0	0	0	0	0	0	0	0	1991993	0	0	0	0	2637770	0	0	0	0	4780300	0	0	0	0	13174936	0	0	0	49220697	0
LFQ	109	0	0	3126	0	0	0	0	0	288174	0	0	0	2830598	0	0	0	0	0	0	0	0	0	2024835	0	0	0	0	2575388	0	0	0	0	5300265	0	0	0	0	12545723	0	0	0	48840613	0
LFQ	110	0	0	14	0	0	0	0	0	383120	0	0	0	2769628	0	0	0	0	0	0	0	0	0	2193230	0	0	0	0	2593880	0	0	0	0	5648468	0	0	0	0	12200530	0	0	0	48299088	0
LFQ	111	0	0	2202	0	0	0	0	0	449723	0	0	0	2457388	0	0	0	0	0	0	0	0	0	2124367	0	0	0	0	2607237	0	0	0	0	5967444	0	0	0	0	12161946	0	0	0	48012298	0
LFQ	112	0	0	0	0	0	0	0	0	489738	0	0	0	2667064	0	0	0	0	0	0	0	0	0	2091642	0	0	0	0	2615679	0	0	0	0	6071727	0	0	0	0	12085220	0	0	0	47435266	0
LFQ	113	0	0	26	0	0	0	0	0	464795	0	0	0	2484519	0	0	0	0	0	0	0	0	0	2156841	0	0	0	0	2608852	0	0	0	0	6128011	0	0	0	0	12233653	0	0	0	47077113	0
LFQ	114	0	0	3736	0	0	0	0	0	436292	0	0	0	2602311	0	0	0	0	0	0	0	0	0	2119370	0	0	0	0	2674830	0	0	0	0	6082394	0	0	0	0	12332536	0	0	0	46596142	0
LFQ	115	0	0	0	0	0	0	0	0	426587	0	0	0	2615008	0	0	0	0	0	0	0	0	0	2195019	0	0	0	0	2771430	0	0	0	0	6127912	0	0	0	0	12158389	0	0	0	46247160	0
LFQ	116	0	0	556	0	0	0	0	0	515158	0	0	0	2403954	0	0	0	0	0	0	0	0	0	2210131	0	0	0	0	2873139	0	0	0	0	6455190	0	0	0	0	11564666	0	0	0	46215788	0
LFQ	117	0	0	1555	0	0	0	0	0	542211	0	0	0	2286256	0	0	0	0	0	0	0	0	0	2127977	0	0	0	0	2889205	0	0	0	0	6570215	0	0	0	0	11151488	0	0	0	46385298	0
LFQ	118	0	0	0	0	0	0	0	0	544272	0	0	0	2279747	0	0	0	0	0	0	0	0	0	2217008	0	0	0	0	2993820	0	0	0	0	6632378	0	0	0	0	11196426	0	0	0	45796242	0
LFQ	119	0	0	0	0	0	0	0	0	547008	0	0	0	2216015	0	0	0	0	0	0	0	0	0	2180532	0	0	0	0	3054957	0	0	0	0	6697976	0	0	0	0	11062504	0	0	0	45614891	0
LFQ	120	0	0	1765	0	0	0	0	0	539923	0	0	0	2370812	0	0	0	0	0	0	0	0	0	2211247	0	0	0	0	3204852	0	0	0	0	6634048	0	0	0	0	10999297	0	0	0	45111343	0
LFQ	121	0	0	298	0	0	0	0	0	544098	0	0	0	2443814	0	0	0	0	0	0	0	0	0	2434435	0	0	0	0	3281569	0	0	0	0	6828628	0	0	0	0	10985904	0	0	0	44242599	0
LFQ	122	0	0	62	0	0	0	0	0	589460	0	0	0	2410698	0	0	0	0	0	0	0	0	0	2494288	0	0	0	0	3617002	0	0	0	0	6923765	0	0	0	0	10609346	0	0	0	43804440	0
LFQ	123	0	0	3323	0	0	0	0	0	570621	0	0	0	2377180	0	0	0	0	0	0	0	0	0	2455106	0	0	0	0	3746484	0	0	0	0	6963354	0	0	0	0	10399104	0	0	0	43635683	0
LFQ	124	0	0	9358	0	0	0	0	0	529974	0	0	0	2261813	0	0	0	0	0	0	0	0	0	2421842	0	0	0	0	3836302	0	0	0	0	6852866	0	0	0	0	10445732	0	0	0	43495715	0
LFQ	125	0	0	284	0	0	0	0	0	525014	0	0	0	2303224	0	0	0	0	0	0	0	0	0	2441852	0	0	0	0	3905817	0	0	0	0	6802966	0	0	0	0	10583135	0	0	0	42992357	0
LFQ	126	0	0	0	0	0	0	0	0	517497	0	0	0	2314693	0	0	0	0	0	0	0	0	0	2465665	0	0	0	0	3984456	0	0	0	0	6758263	0	0	0	0	10623213	0	0	0	42585386	0
LFQ	127	0	0	2687	0	0	0	0	0	532562	0	0	0	2374565	0	0	0	0	0	0	0	0	0	2501891	0	0	0	0	4023786	0	0	0	0	6882155	0	0	0	0	10723386	0	0	0	41901759	0
LFQ	128	0	0	0	0	0	0	0	0	572355	0	0	0	2553691	0	0	0	0	0	0	0	0	0	2576046	0	0	0	0	4092151	0	0	0	0	6929818	0	0	0	0	10756848	0	0	0	41148928	0
LFQ	129	0	0	0	0	0	0	0	0	532340	0	0	0	2467774	0	0	0	0	0	0	0	0	0	2631165	0	0	0	0	4284203	0	0	0	0	6835123	0	0	0	0	11108195	0	0	0	40475167	0
LFQ	130	0	0	2241	0	0	0	0	0	541905	0	0	0	2486703	0	0	0	0	0	0	0	0	0	2626023	0	0	0	0	4220068	0	0	0	0	7007316	0	0	0	0	10981472	0	0	0	40159577	0
LFQ	131	0	0	3254	0	0	0	0	0	522387	0	0	0	2419192	0	0	0	0	0	0	0	0	0	2614322	0	0	0	0	4394464	0	0	0	0	6746950	0	0	0	0	11529290	0	0	0	39490932	0
LFQ	132	0	0	0	0	0	0	0	0	542017	0	0	0	2554171	0	0	0	0	0	0	0	0	0	2754544	0	0	0	0	4538424	0	0	0	0	6762619	0	0	0	0	11496168	0	0	0	38734380	0
LFQ	133	0	0	15171	0	0	0	0	0	520779	0	0	0	2471009	0	0	0	0	0	0	0	0	0	2784509	0	0	0	0	4735137	0	0	0	0	6665734	0	0	0	0	11884774	0	0	0	37855205	0
LFQ	134	0	0	5516	0	0	0	0	0	330864	0	0	0	1856040	0	0	0	0	0	0	0	0	0	2811890	0	0	0	0	4822750	0	0	0	0	6523773	0	0	0	0	12263594	0	0	0	37137826	0
LFQ	135	0	0	0	0	0	0	0	0	0	0	0	0	0	0	0	0	0	0	0	0	0	0	5824285	0	0	0	0	8229935	0	0	0	0	8977479	0	0	0	0	12923307	0	0	0	22074902	0
# GC Content of first fragments. Use `grep ^GCF | cut -f 2-` to extract this part.
GCF	0.25	324
GCF	0.75	244
GCF	1.26	241
GCF	1.76	225
GCF	2.26	280
GCF	2.76	305
GCF	3.27	312
GCF	3.77	389
GCF	4.27	461
GCF	4.77	460
GCF	5.28	543
GCF	5.78	663
GCF	6.28	686
GCF	6.78	801
GCF	7.29	955
GCF	7.79	959
GCF	8.29	1134
GCF	8.79	1387
GCF	9.30	1418
GCF	9.80	1549
GCF	10.30	1705
GCF	10.80	1741
GCF	11.31	1908
GCF	11.81	2197
GCF	12.31	2352
GCF	12.81	2482
GCF	13.32	2789
GCF	13.82	2937
GCF	14.32	3295
GCF	14.82	3904
GCF	15.33	4535
GCF	15.83	4766
GCF	16.33	5830
GCF	16.83	6867
GCF	17.34	7356
GCF	17.84	9486
GCF	18.34	12082
GCF	18.84	13061
GCF	19.35	18018
GCF	19.85	24253
GCF	20.35	25886
GCF	20.85	34903
GCF	21.36	47453
GCF	21.86	50458
GCF	22.36	69446
GCF	22.86	94432
GCF	23.37	98676
GCF	23.87	134078
GCF	24.37	175695
GCF	24.87	182130
GCF	25.38	239805
GCF	25.88	307565
GCF	26.38	311584
GCF	26.88	396289
GCF	27.39	497685
GCF	27.89	503365
GCF	28.39	625228
GCF	28.89	766920
GCF	29.40	924146
GCF	29.90	937687
GCF	30.40	1116976
GCF	30.90	1300214
GCF	31.41	1313217
GCF	31.91	1506982
GCF	32.41	1700811
GCF	32.91	1713872
GCF	33.42	1897798
GCF	33.92	2073339
GCF	34.42	2084834
GCF	34.92	2244593
GCF	35.43	2382760
GCF	35.93	2393150
GCF	36.43	2509176
GCF	36.93	2598657
GCF	37.44	2607509
GCF	37.94	2676253
GCF	38.44	2721563
GCF	38.94	2727936
GCF	39.45	2743921
GCF	39.95	2747145
GCF	40.45	2755709
GCF	40.95	2736779
GCF	41.46	2699858
GCF	41.96	2707492
GCF	42.46	2658051
GCF	42.96	2600006
GCF	43.47	2530022
GCF	43.97	2542657
GCF	44.47	2467138
GCF	44.97	2374132
GCF	45.48	2382558
GCF	45.98	2279241
GCF	46.48	2185655
GCF	46.98	2203614
GCF	47.49	2138565
GCF	47.99	2114399
GCF	48.49	2168538
GCF	48.99	2229419
GCF	49.50	2368759
GCF	50.00	2519619
GCF	50.50	2501125
GCF	51.01	2280230
GCF	51.51	2214209
GCF	52.01	1984881
GCF	52.51	1853341
GCF	53.02	1824775
GCF	53.52	1733346
GCF	54.02	1655201
GCF	54.52	1649011
GCF	55.03	1583227
GCF	55.53	1529837
GCF	56.03	1531851
GCF	56.53	1473794
GCF	57.04	1419626
GCF	57.54	1361129
GCF	58.04	1357794
GCF	58.54	1302911
GCF	59.05	1242805
GCF	59.55	1232928
GCF	60.05	1165817
GCF	60.55	1090447
GCF	61.06	1069474
GCF	61.56	995658
GCF	62.06	917698
GCF	62.56	891493
GCF	63.07	823517
GCF	63.57	754809
GCF	64.07	728844
GCF	64.57	671189
GCF	65.08	614145
GCF	65.58	591594
GCF	66.08	541176
GCF	66.58	493398
GCF	67.09	474118
GCF	67.59	432708
GCF	68.09	392446
GCF	68.59	374745
GCF	69.10	342248
GCF	69.60	310834
GCF	70.10	294558
GCF	70.60	268216
GCF	71.11	246574
GCF	71.61	223761
GCF	72.11	211911
GCF	72.61	192232
GCF	73.12	175100
GCF	73.62	166046
GCF	74.12	152944
GCF	74.62	140555
GCF	75.13	131825
GCF	75.63	120630
GCF	76.13	110702
GCF	76.63	104748
GCF	77.14	96050
GCF	77.64	88420
GCF	78.14	83157
GCF	78.64	76885
GCF	79.15	71158
GCF	79.65	67581
GCF	80.15	61958
GCF	80.65	56724
GCF	81.16	53728
GCF	81.66	49428
GCF	82.16	44947
GCF	82.66	42538
GCF	83.17	38288
GCF	83.67	34771
GCF	84.17	33163
GCF	84.67	30568
GCF	85.18	27018
GCF	85.68	24293
GCF	86.18	23183
GCF	86.68	21263
GCF	87.19	19690
GCF	87.69	18581
GCF	88.19	16790
GCF	88.69	15664
GCF	89.20	15111
GCF	89.70	14409
GCF	90.20	13472
GCF	90.70	12705
GCF	91.21	12089
GCF	91.71	11822
GCF	92.21	11410
GCF	92.71	10837
GCF	93.22	10302
GCF	93.72	9829
GCF	94.22	9200
GCF	94.72	8760
GCF	95.23	8230
GCF	95.73	7646
GCF	96.23	6851
GCF	96.73	6454
GCF	97.24	5898
GCF	97.74	5053
GCF	98.24	4616
GCF	98.74	4282
GCF	99.50	3887
# GC Content of last fragments. Use `grep ^GCL | cut -f 2-` to extract this part.
GCL	0.25	696
GCL	0.75	482
GCL	1.26	488
GCL	1.76	490
GCL	2.26	556
GCL	2.76	592
GCL	3.27	615
GCL	3.77	783
GCL	4.27	900
GCL	4.77	1005
GCL	5.28	1139
GCL	5.78	1397
GCL	6.28	1431
GCL	6.78	1688
GCL	7.29	1943
GCL	7.79	1996
GCL	8.29	2278
GCL	8.79	2527
GCL	9.30	2697
GCL	9.80	3042
GCL	10.30	3251
GCL	10.80	3401
GCL	11.31	3870
GCL	11.81	4326
GCL	12.31	4709
GCL	12.81	5140
GCL	13.32	5790
GCL	13.82	6351
GCL	14.32	7172
GCL	14.82	8409
GCL	15.33	9529
GCL	15.83	10662
GCL	16.33	12515
GCL	16.83	15513
GCL	17.34	17662
GCL	17.84	21705
GCL	18.34	26851
GCL	18.84	30525
GCL	19.35	38893
GCL	19.85	48658
GCL	20.35	53532
GCL	20.85	68266
GCL	21.36	86009
GCL	21.86	94258
GCL	22.36	121344
GCL	22.86	152992
GCL	23.37	163803
GCL	23.87	208157
GCL	24.37	255640
GCL	24.87	270379
GCL	25.38	340093
GCL	25.88	417383
GCL	26.38	428313
GCL	26.88	525712
GCL	27.39	642014
GCL	27.89	656281
GCL	28.39	791364
GCL	28.89	943452
GCL	29.40	1096809
GCL	29.90	1127007
GCL	30.40	1307575
GCL	30.90	1475882
GCL	31.41	1505586
GCL	31.91	1689369
GCL	32.41	1856802
GCL	32.91	1885581
GCL	33.42	2054978
GCL	33.92	2199958
GCL	34.42	2225716
GCL	34.92	2364402
GCL	35.43	2470256
GCL	35.93	2493591
GCL	36.43	2591425
GCL	36.93	2652990
GCL	37.44	2673755
GCL	37.94	2724046
GCL	38.44	2739352
GCL	38.94	2754586
GCL	39.45	2756572
GCL	39.95	2743152
GCL	40.45	2757947
GCL	40.95	2727263
GCL	41.46	2685041
GCL	41.96	2696244
GCL	42.46	2643480
GCL	42.96	2585152
GCL	43.47	2514236
GCL	43.97	2530939
GCL	44.47	2468065
GCL	44.97	2396480
GCL	45.48	2413534
GCL	45.98	2336061
GCL	46.48	2260037
GCL	46.98	2282789
GCL	47.49	2223594
GCL	47.99	2169755
GCL	48.49	2196070
GCL	48.99	2237358
GCL	49.50	2327889
GCL	50.00	2670077
GCL	50.50	2818147
GCL	51.01	2622361
GCL	51.51	2458392
GCL	52.01	2242347
GCL	52.51	2086838
GCL	53.02	2019577
GCL	53.52	1912551
GCL	54.02	1825615
GCL	54.52	1795147
GCL	55.03	1720458
GCL	55.53	1664167
GCL	56.03	1656111
GCL	56.53	1602260
GCL	57.04	1557537
GCL	57.54	1507293
GCL	58.04	1495900
GCL	58.54	1450347
GCL	59.05	1401667
GCL	59.55	1387157
GCL	60.05	1344734
GCL	60.55	1287340
GCL	61.06	1264739
GCL	61.56	1208975
GCL	62.06	1145796
GCL	62.56	1114157
GCL	63.07	1057864
GCL	63.57	996562
GCL	64.07	959838
GCL	64.57	905895
GCL	65.08	849446
GCL	65.58	815916
GCL	66.08	762776
GCL	66.58	709583
GCL	67.09	678576
GCL	67.59	632272
GCL	68.09	580113
GCL	68.59	549441
GCL	69.10	507735
GCL	69.60	464397
GCL	70.10	435314
GCL	70.60	398307
GCL	71.11	370878
GCL	71.61	339813
GCL	72.11	317767
GCL	72.61	292023
GCL	73.12	266364
GCL	73.62	249886
GCL	74.12	232684
GCL	74.62	215821
GCL	75.13	198146
GCL	75.63	181392
GCL	76.13	166332
GCL	76.63	155646
GCL	77.14	144310
GCL	77.64	131849
GCL	78.14	122444
GCL	78.64	113331
GCL	79.15	104728
GCL	79.65	98936
GCL	80.15	89900
GCL	80.65	82989
GCL	81.16	76982
GCL	81.66	72072
GCL	82.16	67121
GCL	82.66	62504
GCL	83.17	56350
GCL	83.67	52152
GCL	84.17	48586
GCL	84.67	44774
GCL	85.18	40303
GCL	85.68	37209
GCL	86.18	35326
GCL	86.68	32702
GCL	87.19	30166
GCL	87.69	28045
GCL	88.19	25803
GCL	88.69	24155
GCL	89.20	23311
GCL	89.70	22543
GCL	90.20	21650
GCL	90.70	21006
GCL	91.21	20687
GCL	91.71	20495
GCL	92.21	20486
GCL	92.71	20355
GCL	93.22	20546
GCL	93.72	20831
GCL	94.22	21606
GCL	94.72	22314
GCL	95.23	23142
GCL	95.73	24141
GCL	96.23	25512
GCL	96.73	27124
GCL	97.24	29235
GCL	97.74	31764
GCL	98.24	34893
GCL	98.74	37616
GCL	99.50	41503
# ACGT content per cycle. Use `grep ^GCC | cut -f 2-` to extract this part. The columns are: cycle; A,C,G,T base counts as a percentage of all A/C/G/T bases [%]; and N and O counts as a percentage of all A/C/G/T bases [%]
GCC	1	25.82	24.25	24.05	25.87	0.00	0.00
GCC	2	26.28	23.81	23.77	26.13	0.00	0.00
GCC	3	26.69	23.30	23.24	26.78	0.00	0.00
GCC	4	28.20	22.09	21.94	27.77	0.00	0.00
GCC	5	26.46	23.66	23.45	26.44	0.02	0.00
GCC	6	27.90	22.33	22.01	27.76	0.00	0.00
GCC	7	29.62	20.57	20.17	29.64	0.01	0.00
GCC	8	29.71	20.30	20.29	29.70	0.00	0.00
GCC	9	27.46	22.57	22.40	27.57	0.00	0.00
GCC	10	27.47	22.74	22.65	27.15	0.01	0.00
GCC	11	26.34	23.71	23.57	26.39	0.00	0.00
GCC	12	26.62	23.61	23.46	26.30	0.00	0.00
GCC	13	26.75	23.40	23.27	26.58	0.00	0.00
GCC	14	27.88	22.27	22.05	27.81	0.00	0.00
GCC	15	27.80	22.39	22.07	27.74	0.00	0.00
GCC	16	28.26	21.98	21.73	28.04	0.00	0.00
GCC	17	27.47	22.78	22.21	27.55	0.00	0.00
GCC	18	27.85	22.42	22.05	27.68	0.00	0.00
GCC	19	27.44	22.73	22.42	27.40	0.00	0.00
GCC	20	27.83	22.21	22.31	27.65	0.00	0.00
GCC	21	27.09	22.96	22.87	27.08	0.00	0.00
GCC	22	27.56	22.67	22.47	27.30	0.00	0.00
GCC	23	27.23	23.01	22.57	27.19	0.00	0.00
GCC	24	27.90	22.37	22.08	27.66	0.00	0.00
GCC	25	27.54	22.64	22.31	27.51	0.00	0.00
GCC	26	28.05	22.09	21.88	27.99	0.00	0.00
GCC	27	27.47	22.60	22.32	27.61	0.00	0.00
GCC	28	28.04	22.23	21.90	27.83	0.00	0.00
GCC	29	27.33	22.87	22.33	27.46	0.00	0.00
GCC	30	27.71	22.46	22.21	27.61	0.00	0.00
GCC	31	27.39	22.78	22.62	27.21	0.00	0.00
GCC	32	27.86	22.20	22.27	27.67	0.00	0.00
GCC	33	27.24	22.84	22.67	27.25	0.00	0.00
GCC	34	27.76	22.49	22.26	27.50	0.00	0.00
GCC	35	27.32	22.93	22.42	27.32	0.01	0.00
GCC	36	27.85	22.37	22.05	27.73	0.00	0.00
GCC	37	27.52	22.71	22.31	27.46	0.01	0.00
GCC	38	27.91	22.20	22.06	27.82	0.00	0.00
GCC	39	27.52	22.67	22.30	27.50	0.00	0.00
GCC	40	27.90	22.39	22.10	27.61	0.00	0.00
GCC	41	27.18	22.99	22.59	27.25	0.00	0.00
GCC	42	27.52	22.63	22.48	27.37	0.00	0.00
GCC	43	27.31	22.83	22.61	27.24	0.00	0.00
GCC	44	27.87	22.23	22.12	27.78	0.00	0.00
GCC	45	27.31	22.84	22.58	27.27	0.00	0.00
GCC	46	27.86	22.42	22.20	27.52	0.00	0.00
GCC	47	27.37	22.84	22.41	27.37	0.00	0.00
GCC	48	27.98	22.28	21.95	27.79	0.00	0.00
GCC	49	27.60	22.61	22.28	27.51	0.00	0.00
GCC	50	27.98	22.09	21.99	27.94	0.00	0.00
GCC	51	27.52	22.66	22.32	27.51	0.00	0.00
GCC	52	27.95	22.29	22.08	27.67	0.00	0.00
GCC	53	27.30	22.87	22.53	27.30	0.00	0.00
GCC	54	27.73	22.40	22.31	27.55	0.00	0.00
GCC	55	27.45	22.70	22.49	27.36	0.00	0.00
GCC	56	28.02	22.08	22.02	27.87	0.02	0.00
GCC	57	27.55	22.59	22.39	27.47	0.00	0.00
GCC	58	28.04	22.25	22.01	27.69	0.00	0.00
GCC	59	27.63	22.59	22.15	27.63	0.00	0.00
GCC	60	28.07	22.12	21.89	27.91	0.02	0.00
GCC	61	27.71	22.47	22.18	27.64	0.00	0.00
GCC	62	27.97	22.09	22.02	27.91	0.01	0.00
GCC	63	27.60	22.47	22.30	27.63	0.00	0.00
GCC	64	28.03	22.18	22.06	27.73	0.00	0.00
GCC	65	27.54	22.65	22.33	27.47	0.00	0.00
GCC	66	27.90	22.28	22.13	27.69	0.00	0.00
GCC	67	27.73	22.45	22.20	27.62	0.00	0.00
GCC	68	28.18	21.90	21.86	28.06	0.00	0.00
GCC	69	27.74	22.38	22.13	27.74	0.00	0.00
GCC	70	28.11	22.06	21.89	27.95	0.00	0.00
GCC	71	27.71	22.44	22.11	27.74	0.00	0.00
GCC	72	28.18	21.97	21.79	28.06	0.00	0.00
GCC	73	27.78	22.39	22.12	27.71	0.00	0.00
GCC	74	28.10	21.93	21.93	28.04	0.00	0.00
GCC	75	27.70	22.36	22.28	27.66	0.02	0.00
GCC	76	28.09	22.07	22.02	27.82	0.00	0.00
GCC	77	27.64	22.49	22.22	27.64	0.01	0.00
GCC	78	28.03	22.10	21.99	27.89	0.00	0.00
GCC	79	27.87	22.27	22.08	27.78	0.00	0.00
GCC	80	28.30	21.80	21.79	28.11	0.00	0.00
GCC	81	27.88	22.23	22.05	27.84	0.00	0.00
GCC	82	28.20	21.97	21.85	27.98	0.02	0.00
GCC	83	27.87	22.29	22.00	27.85	0.00	0.00
GCC	84	28.17	21.95	21.83	28.05	0.02	0.00
GCC	85	27.89	22.21	22.08	27.82	0.01	0.00
GCC	86	28.13	21.87	22.00	28.00	0.01	0.00
GCC	87	27.81	22.23	22.20	27.76	0.00	0.00
GCC	88	28.18	21.96	21.92	27.94	0.00	0.00
GCC	89	27.86	22.27	22.05	27.82	0.00	0.00
GCC	90	28.19	21.93	21.89	27.99	0.02	0.00
GCC	91	27.96	22.14	22.05	27.86	0.00	0.00
GCC	92	28.31	21.73	21.78	28.18	0.00	0.00
GCC	93	27.95	22.12	21.99	27.94	0.00	0.00
GCC	94	28.28	21.86	21.75	28.11	0.00	0.00
GCC	95	27.93	22.17	21.95	27.94	0.00	0.00
GCC	96	28.24	21.82	21.81	28.13	0.00	0.00
GCC	97	27.95	22.07	22.08	27.90	0.01	0.00
GCC	98	28.21	21.75	21.92	28.12	0.00	0.00
GCC	99	27.93	22.05	22.05	27.96	0.00	0.00
GCC	100	28.25	21.85	21.83	28.07	0.00	0.00
GCC	101	27.99	22.10	21.96	27.96	0.00	0.00
GCC	102	28.25	21.81	21.82	28.12	0.00	0.00
GCC	103	28.10	21.95	21.90	28.06	0.00	0.00
GCC	104	28.35	21.65	21.70	28.29	0.02	0.00
GCC	105	28.05	21.95	21.89	28.11	0.00	0.00
GCC	106	28.27	21.77	21.74	28.21	0.00	0.00
GCC	107	28.01	21.99	21.91	28.09	0.00	0.00
GCC	108	28.30	21.69	21.78	28.24	0.00	0.00
GCC	109	28.08	21.90	21.96	28.06	0.00	0.00
GCC	110	28.29	21.67	21.81	28.23	0.00	0.00
GCC	111	28.08	21.92	21.91	28.09	0.00	0.00
GCC	112	28.35	21.73	21.72	28.21	0.00	0.00
GCC	113	28.12	21.91	21.82	28.15	0.00	0.00
GCC	114	28.32	21.68	21.73	28.27	0.00	0.00
GCC	115	28.22	21.79	21.78	28.21	0.00	0.00
GCC	116	28.46	21.52	21.59	28.43	0.00	0.00
GCC	117	28.18	21.80	21.79	28.23	0.00	0.00
GCC	118	28.36	21.64	21.70	28.29	0.00	0.00
GCC	119	28.18	21.80	21.82	28.20	0.00	0.00
GCC	120	28.39	21.59	21.72	28.30	0.00	0.00
GCC	121	28.20	21.77	21.85	28.18	0.00	0.00
GCC	122	28.35	21.61	21.74	28.31	0.00	0.00
GCC	123	28.20	21.78	21.82	28.20	0.00	0.00
GCC	124	28.44	21.59	21.63	28.33	0.01	0.00
GCC	125	28.26	21.74	21.74	28.26	0.00	0.00
GCC	126	28.42	21.55	21.66	28.37	0.00	0.00
GCC	127	28.34	21.63	21.69	28.34	0.00	0.00
GCC	128	28.47	21.48	21.57	28.47	0.00	0.00
GCC	129	28.29	21.65	21.71	28.36	0.00	0.00
GCC	130	28.40	21.55	21.68	28.36	0.00	0.00
GCC	131	28.25	21.67	21.79	28.29	0.00	0.00
GCC	132	28.41	21.52	21.69	28.38	0.00	0.00
GCC	133	28.34	21.60	21.73	28.33	0.01	0.00
GCC	134	28.40	21.53	21.68	28.39	0.00	0.00
GCC	135	27.75	22.17	22.27	27.81	0.00	0.00
# ACGT content per cycle for first fragments. Use `grep ^FBC | cut -f 2-` to extract this part. The columns are: cycle; A,C,G,T base counts as a percentage of all A/C/G/T bases [%]; and N and O counts as a percentage of all A/C/G/T bases [%]
FBC	1	24.56	25.53	25.31	24.60	0.00	0.00
FBC	2	24.30	25.80	25.74	24.17	0.00	0.00
FBC	3	25.76	24.29	24.19	25.76	0.00	0.00
FBC	4	27.61	22.54	22.49	27.35	0.00	0.00
FBC	5	25.58	24.57	24.55	25.30	0.00	0.00
FBC	6	27.73	22.52	22.27	27.48	0.00	0.00
FBC	7	31.93	18.30	17.89	31.88	0.00	0.00
FBC	8	31.07	19.09	18.75	31.08	0.00	0.00
FBC	9	27.74	22.47	21.92	27.87	0.00	0.00
FBC	10	27.02	23.21	22.95	26.81	0.00	0.00
FBC	11	25.71	24.38	24.36	25.55	0.00	0.00
FBC	12	25.35	24.78	24.86	25.00	0.00	0.00
FBC	13	26.14	24.07	24.00	25.79	0.00	0.00
FBC	14	27.35	22.95	22.55	27.16	0.00	0.00
FBC	15	27.81	22.46	21.96	27.77	0.00	0.00
FBC	16	28.15	22.15	21.65	28.05	0.00	0.00
FBC	17	27.76	22.51	22.05	27.68	0.00	0.00
FBC	18	27.78	22.52	22.14	27.57	0.00	0.00
FBC	19	27.56	22.70	22.36	27.38	0.00	0.00
FBC	20	27.49	22.66	22.43	27.42	0.00	0.00
FBC	21	27.19	23.07	22.61	27.13	0.01	0.00
FBC	22	27.35	22.96	22.52	27.17	0.00	0.00
FBC	23	27.32	22.88	22.62	27.18	0.00	0.00
FBC	24	27.69	22.52	22.35	27.44	0.00	0.00
FBC	25	27.76	22.48	22.21	27.55	0.00	0.00
FBC	26	27.75	22.56	22.12	27.56	0.00	0.00
FBC	27	27.35	22.86	22.35	27.43	0.00	0.00
FBC	28	27.67	22.55	22.18	27.60	0.00	0.00
FBC	29	27.68	22.59	22.13	27.60	0.00	0.00
FBC	30	27.84	22.42	22.11	27.63	0.00	0.00
FBC	31	27.66	22.59	22.34	27.41	0.00	0.00
FBC	32	27.70	22.47	22.31	27.52	0.00	0.00
FBC	33	27.45	22.75	22.36	27.43	0.00	0.00
FBC	34	27.51	22.76	22.44	27.28	0.00	0.00
FBC	35	27.42	22.85	22.49	27.24	0.00	0.00
FBC	36	27.85	22.39	22.18	27.59	0.00	0.00
FBC	37	27.72	22.58	22.21	27.49	0.00	0.00
FBC	38	27.64	22.66	22.26	27.44	0.00	0.00
FBC	39	27.45	22.82	22.28	27.46	0.00	0.00
FBC	40	27.76	22.51	22.09	27.63	0.00	0.00
FBC	41	27.58	22.64	22.32	27.46	0.00	0.00
FBC	42	27.72	22.46	22.32	27.50	0.00	0.00
FBC	43	27.56	22.63	22.39	27.41	0.00	0.00
FBC	44	27.76	22.48	22.23	27.53	0.01	0.00
FBC	45	27.41	22.78	22.45	27.36	0.00	0.00
FBC	46	27.57	22.70	22.39	27.34	0.00	0.00
FBC	47	27.55	22.69	22.41	27.35	0.00	0.00
FBC	48	27.96	22.32	22.09	27.64	0.00	0.00
FBC	49	27.87	22.42	22.16	27.56	0.00	0.00
FBC	50	27.79	22.40	22.12	27.68	0.00	0.00
FBC	51	27.62	22.62	22.18	27.58	0.00	0.00
FBC	52	27.81	22.46	22.10	27.62	0.01	0.00
FBC	53	27.65	22.56	22.37	27.43	0.00	0.00
FBC	54	27.75	22.39	22.40	27.47	0.00	0.00
FBC	55	27.67	22.53	22.40	27.40	0.01	0.00
FBC	56	27.88	22.33	22.20	27.59	0.04	0.00
FBC	57	27.55	22.61	22.35	27.48	0.00	0.00
FBC	58	27.79	22.50	22.22	27.49	0.00	0.00
FBC	59	27.77	22.51	22.26	27.46	0.01	0.00
FBC	60	28.03	22.14	22.09	27.74	0.00	0.00
FBC	61	27.93	22.29	22.13	27.64	0.00	0.00
FBC	62	27.85	22.32	22.14	27.69	0.01	0.00
FBC	63	27.62	22.51	22.24	27.62	0.00	0.00
FBC	64	27.94	22.30	22.06	27.69	0.00	0.00
FBC	65	27.84	22.40	22.19	27.56	0.00	0.00
FBC	66	27.95	22.25	22.20	27.59	0.00	0.00
FBC	67	27.83	22.34	22.28	27.54	0.00	0.00
FBC	68	27.91	22.24	22.14	27.71	0.00	0.00
FBC	69	27.68	22.49	22.20	27.63	0.00	0.00
FBC	70	27.81	22.37	22.19	27.63	0.00	0.00
FBC	71	27.79	22.36	22.22	27.63	0.00	0.00
FBC	72	28.14	21.99	21.98	27.89	0.00	0.00
FBC	73	28.06	22.13	22.02	27.79	0.00	0.00
FBC	74	28.01	22.14	22.04	27.81	0.00	0.00
FBC	75	27.74	22.39	22.16	27.71	0.00	0.00
FBC	76	27.95	22.21	22.06	27.78	0.00	0.00
FBC	77	27.83	22.31	22.19	27.68	0.00	0.00
FBC	78	27.96	22.13	22.19	27.72	0.00	0.00
FBC	79	27.87	22.25	22.22	27.66	0.00	0.00
FBC	80	28.03	22.12	22.06	27.80	0.00	0.00
FBC	81	27.83	22.34	22.11	27.72	0.00	0.00
FBC	82	27.95	22.23	22.07	27.75	0.00	0.00
FBC	83	27.90	22.24	22.09	27.76	0.00	0.00
FBC	84	28.17	21.92	21.93	27.98	0.00	0.00
FBC	85	28.06	22.07	22.02	27.86	0.01	0.00
FBC	86	28.01	22.10	22.09	27.81	0.00	0.00
FBC	87	27.79	22.32	22.17	27.72	0.00	0.00
FBC	88	28.01	22.12	22.05	27.82	0.00	0.00
FBC	89	27.92	22.21	22.15	27.72	0.00	0.00
FBC	90	28.05	22.06	22.13	27.76	0.00	0.00
FBC	91	27.96	22.15	22.17	27.72	0.00	0.00
FBC	92	28.09	22.01	22.01	27.88	0.00	0.00
FBC	93	27.87	22.25	22.06	27.81	0.00	0.00
FBC	94	28.03	22.13	21.97	27.88	0.00	0.00
FBC	95	27.97	22.15	22.02	27.87	0.00	0.00
FBC	96	28.20	21.88	21.91	28.01	0.00	0.00
FBC	97	28.07	22.00	22.02	27.90	0.01	0.00
FBC	98	28.07	22.00	22.03	27.90	0.00	0.00
FBC	99	27.85	22.20	22.10	27.85	0.00	0.00
FBC	100	28.05	22.06	21.99	27.90	0.00	0.00
FBC	101	27.95	22.16	22.10	27.80	0.00	0.00
FBC	102	28.11	22.00	22.05	27.84	0.00	0.00
FBC	103	28.01	22.11	22.09	27.79	0.00	0.00
FBC	104	28.18	21.93	21.89	28.00	0.00	0.00
FBC	105	27.96	22.13	21.96	27.95	0.00	0.00
FBC	106	28.08	22.02	21.90	28.01	0.00	0.00
FBC	107	28.00	22.07	21.96	27.97	0.00	0.00
FBC	108	28.25	21.78	21.84	28.13	0.01	0.00
FBC	109	28.13	21.93	21.95	27.99	0.00	0.00
FBC	110	28.14	21.93	21.96	27.97	0.00	0.00
FBC	111	27.92	22.17	22.06	27.86	0.00	0.00
FBC	112	28.11	22.01	21.93	27.95	0.00	0.00
FBC	113	28.03	22.08	22.00	27.89	0.00	0.00
FBC	114	28.18	21.89	21.96	27.96	0.00	0.00
FBC	115	28.13	21.97	21.94	27.96	0.00	0.00
FBC	116	28.26	21.81	21.79	28.14	0.00	0.00
FBC	117	28.07	21.98	21.86	28.09	0.00	0.00
FBC	118	28.18	21.90	21.82	28.10	0.00	0.00
FBC	119	28.12	21.94	21.88	28.05	0.00	0.00
FBC	120	28.33	21.74	21.80	28.13	0.01	0.00
FBC	121	28.16	21.89	21.95	28.00	0.00	0.00
FBC	122	28.14	21.91	21.97	27.97	0.00	0.00
FBC	123	27.97	22.08	22.01	27.93	0.00	0.00
FBC	124	28.17	21.93	21.88	28.03	0.00	0.00
FBC	125	28.12	21.97	21.92	27.99	0.00	0.00
FBC	126	28.24	21.81	21.88	28.07	0.01	0.00
FBC	127	28.20	21.84	21.84	28.12	0.00	0.00
FBC	128	28.35	21.70	21.69	28.27	0.00	0.00
FBC	129	28.17	21.86	21.76	28.21	0.00	0.00
FBC	130	28.25	21.80	21.79	28.16	0.00	0.00
FBC	131	28.15	21.85	21.89	28.11	0.00	0.00
FBC	132	28.30	21.69	21.84	28.18	0.00	0.00
FBC	133	28.24	21.78	21.87	28.11	0.01	0.00
FBC	134	28.21	21.81	21.89	28.09	0.00	0.00
FBC	135	27.75	22.28	22.26	27.72	0.00	0.00
# ACGT content per cycle for last fragments. Use `grep ^LBC | cut -f 2-` to extract this part. The columns are: cycle; A,C,G,T base counts as a percentage of all A/C/G/T bases [%]; and N and O counts as a percentage of all A/C/G/T bases [%]
LBC	1	27.09	22.97	22.80	27.14	0.00	0.00
LBC	2	28.27	21.83	21.81	28.09	0.01	0.00
LBC	3	27.62	22.30	22.28	27.79	0.00	0.00
LBC	4	28.78	21.64	21.38	28.20	0.00	0.00
LBC	5	27.34	22.74	22.34	27.58	0.04	0.00
LBC	6	28.06	22.15	21.75	28.05	0.00	0.00
LBC	7	27.31	22.84	22.45	27.40	0.01	0.00
LBC	8	28.34	21.51	21.83	28.31	0.00	0.00
LBC	9	27.19	22.66	22.88	27.28	0.00	0.00
LBC	10	27.91	22.27	22.35	27.48	0.01	0.00
LBC	11	26.97	23.03	22.78	27.22	0.00	0.00
LBC	12	27.89	22.44	22.07	27.60	0.00	0.00
LBC	13	27.36	22.73	22.54	27.37	0.01	0.00
LBC	14	28.40	21.60	21.54	28.46	0.00	0.00
LBC	15	27.78	22.32	22.19	27.71	0.00	0.00
LBC	16	28.36	21.80	21.80	28.03	0.00	0.00
LBC	17	27.17	23.04	22.37	27.42	0.01	0.00
LBC	18	27.92	22.32	21.97	27.79	0.00	0.00
LBC	19	27.33	22.76	22.49	27.42	0.00	0.00
LBC	20	28.18	21.76	22.19	27.88	0.01	0.00
LBC	21	26.99	22.85	23.13	27.03	0.00	0.00
LBC	22	27.77	22.37	22.43	27.43	0.00	0.00
LBC	23	27.13	23.14	22.52	27.20	0.00	0.00
LBC	24	28.10	22.21	21.80	27.88	0.00	0.00
LBC	25	27.33	22.80	22.42	27.46	0.00	0.00
LBC	26	28.35	21.61	21.63	28.41	0.00	0.00
LBC	27	27.59	22.33	22.28	27.79	0.01	0.00
LBC	28	28.41	21.90	21.62	28.06	0.00	0.00
LBC	29	26.98	23.15	22.54	27.33	0.00	0.00
LBC	30	27.59	22.51	22.31	27.59	0.00	0.00
LBC	31	27.11	22.97	22.90	27.02	0.00	0.00
LBC	32	28.01	21.93	22.24	27.82	0.00	0.00
LBC	33	27.03	22.93	22.98	27.06	0.00	0.00
LBC	34	28.01	22.22	22.07	27.71	0.01	0.00
LBC	35	27.22	23.01	22.35	27.41	0.01	0.00
LBC	36	27.86	22.35	21.92	27.87	0.00	0.00
LBC	37	27.32	22.85	22.41	27.43	0.01	0.00
LBC	38	28.19	21.75	21.87	28.19	0.00	0.00
LBC	39	27.60	22.53	22.32	27.54	0.00	0.00
LBC	40	28.03	22.27	22.11	27.59	0.01	0.00
LBC	41	26.77	23.35	22.85	27.03	0.00	0.00
LBC	42	27.31	22.80	22.63	27.25	0.01	0.00
LBC	43	27.06	23.03	22.83	27.07	0.00	0.00
LBC	44	27.99	21.98	22.01	28.02	0.00	0.00
LBC	45	27.20	22.90	22.70	27.19	0.01	0.00
LBC	46	28.15	22.13	22.01	27.71	0.00	0.00
LBC	47	27.19	22.99	22.41	27.40	0.00	0.00
LBC	48	28.01	22.23	21.81	27.95	0.01	0.00
LBC	49	27.32	22.80	22.41	27.47	0.00	0.00
LBC	50	28.16	21.78	21.85	28.20	0.01	0.00
LBC	51	27.41	22.70	22.45	27.44	0.00	0.00
LBC	52	28.10	22.12	22.06	27.73	0.00	0.00
LBC	53	26.94	23.19	22.71	27.16	0.01	0.00
LBC	54	27.71	22.42	22.23	27.65	0.00	0.00
LBC	55	27.22	22.86	22.59	27.32	0.00	0.00
LBC	56	28.17	21.82	21.84	28.16	0.01	0.00
LBC	57	27.54	22.57	22.43	27.46	0.01	0.00
LBC	58	28.30	22.00	21.80	27.90	0.00	0.00
LBC	59	27.49	22.67	22.04	27.80	0.00	0.00
LBC	60	28.11	22.09	21.70	28.10	0.03	0.00
LBC	61	27.48	22.66	22.23	27.63	0.00	0.00
LBC	62	28.10	21.85	21.91	28.14	0.01	0.00
LBC	63	27.58	22.44	22.36	27.63	0.00	0.00
LBC	64	28.12	22.04	22.06	27.78	0.00	0.00
LBC	65	27.22	22.91	22.48	27.38	0.00	0.00
LBC	66	27.84	22.31	22.06	27.80	0.00	0.00
LBC	67	27.63	22.56	22.11	27.70	0.00	0.00
LBC	68	28.47	21.54	21.56	28.43	0.01	0.00
LBC	69	27.81	22.28	22.06	27.85	0.00	0.00
LBC	70	28.42	21.72	21.58	28.28	0.00	0.00
LBC	71	27.63	22.53	21.99	27.85	0.00	0.00
LBC	72	28.23	21.95	21.60	28.23	0.00	0.00
LBC	73	27.49	22.66	22.24	27.62	0.00	0.00
LBC	74	28.21	21.70	21.81	28.28	0.00	0.00
LBC	75	27.66	22.33	22.40	27.61	0.03	0.00
LBC	76	28.24	21.91	21.98	27.87	0.01	0.00
LBC	77	27.44	22.70	22.26	27.60	0.01	0.00
LBC	78	28.11	22.06	21.77	28.06	0.00	0.00
LBC	79	27.87	22.29	21.93	27.91	0.01	0.00
LBC	80	28.58	21.47	21.50	28.45	0.00	0.00
LBC	81	27.93	22.11	21.99	27.97	0.00	0.00
LBC	82	28.47	21.69	21.61	28.23	0.04	0.00
LBC	83	27.83	22.34	21.89	27.94	0.00	0.00
LBC	84	28.18	21.99	21.72	28.12	0.03	0.00
LBC	85	27.70	22.36	22.16	27.79	0.00	0.00
LBC	86	28.26	21.63	21.90	28.21	0.01	0.00
LBC	87	27.82	22.13	22.24	27.81	0.00	0.00
LBC	88	28.37	21.79	21.78	28.07	0.00	0.00
LBC	89	27.80	22.34	21.93	27.93	0.00	0.00
LBC	90	28.33	21.80	21.62	28.25	0.04	0.00
LBC	91	27.96	22.13	21.91	28.01	0.01	0.00
LBC	92	28.54	21.43	21.53	28.51	0.01	0.00
LBC	93	28.02	21.98	21.92	28.08	0.00	0.00
LBC	94	28.56	21.57	21.51	28.37	0.00	0.00
LBC	95	27.89	22.20	21.88	28.03	0.00	0.00
LBC	96	28.28	21.76	21.71	28.26	0.00	0.00
LBC	97	27.81	22.14	22.15	27.90	0.01	0.00
LBC	98	28.36	21.48	21.79	28.37	0.00	0.00
LBC	99	28.03	21.89	21.99	28.09	0.00	0.00
LBC	100	28.48	21.62	21.64	28.26	0.00	0.00
LBC	101	28.03	22.04	21.80	28.14	0.00	0.00
LBC	102	28.41	21.62	21.55	28.42	0.00	0.00
LBC	103	28.19	21.77	21.68	28.36	0.00	0.00
LBC	104	28.55	21.34	21.50	28.61	0.03	0.00
LBC	105	28.16	21.75	21.82	28.28	0.01	0.00
LBC	106	28.49	21.50	21.57	28.44	0.01	0.00
LBC	107	28.02	21.91	21.86	28.22	0.00	0.00
LBC	108	28.35	21.58	21.71	28.36	0.00	0.00
LBC	109	28.02	21.87	21.97	28.14	0.00	0.00
LBC	110	28.45	21.39	21.65	28.52	0.00	0.00
LBC	111	28.26	21.64	21.75	28.34	0.00	0.00
LBC	112	28.61	21.40	21.48	28.50	0.00	0.00
LBC	113	28.22	21.71	21.62	28.45	0.00	0.00
LBC	114	28.47	21.45	21.46	28.62	0.01	0.00
LBC	115	28.32	21.59	21.60	28.49	0.00	0.00
LBC	116	28.69	21.18	21.37	28.76	0.00	0.00
LBC	117	28.30	21.60	21.71	28.39	0.00	0.00
LBC	118	28.57	21.35	21.57	28.51	0.00	0.00
LBC	119	28.24	21.63	21.76	28.37	0.00	0.00
LBC	120	28.46	21.42	21.63	28.49	0.00	0.00
LBC	121	28.25	21.62	21.74	28.39	0.00	0.00
LBC	122	28.58	21.25	21.46	28.70	0.00	0.00
LBC	123	28.46	21.43	21.59	28.52	0.00	0.00
LBC	124	28.76	21.21	21.35	28.68	0.01	0.00
LBC	125	28.43	21.47	21.53	28.58	0.00	0.00
LBC	126	28.63	21.25	21.40	28.72	0.00	0.00
LBC	127	28.50	21.38	21.52	28.61	0.00	0.00
LBC	128	28.62	21.23	21.44	28.71	0.00	0.00
LBC	129	28.42	21.40	21.64	28.54	0.00	0.00
LBC	130	28.57	21.27	21.56	28.60	0.00	0.00
LBC	131	28.38	21.45	21.66	28.51	0.00	0.00
LBC	132	28.54	21.33	21.52	28.62	0.00	0.00
LBC	133	28.46	21.40	21.56	28.59	0.02	0.00
LBC	134	28.62	21.19	21.43	28.75	0.01	0.00
LBC	135	27.76	22.02	22.29	27.93	0.00	0.00
# Insert sizes. Use `grep ^IS | cut -f 2-` to extract this part. The columns are: insert size, pairs total, inward oriented pairs, outward oriented pairs, other pairs
IS	0	18402	0	4349	14053
IS	1	0	0	0	0
IS	2	23496	0	17552	5944
IS	3	23921	0	18739	5182
IS	4	23530	0	18312	5218
IS	5	23860	0	18162	5698
IS	6	24922	0	19065	5857
IS	7	25833	0	19865	5968
IS	8	26178	0	20009	6169
IS	9	26676	0	20624	6052
IS	10	27853	0	21952	5901
IS	11	28635	0	22784	5851
IS	12	30944	0	24947	5997
IS	13	32533	0	26241	6292
IS	14	33923	0	26447	7476
IS	15	39657	0	25996	13661
IS	16	47768	0	25802	21966
IS	17	66953	0	28072	38881
IS	18	47778	0	33844	13934
IS	19	349190	139096	201931	8163
IS	20	309987	125151	176588	8248
IS	21	193346	76454	106032	10860
IS	22	205490	66650	123878	14962
IS	23	142315	40489	87827	13999
IS	24	100197	30456	60388	9353
IS	25	81549	24046	50092	7411
IS	26	73949	20228	46749	6972
IS	27	70556	19220	44461	6875
IS	28	73325	20323	46322	6680
IS	29	69972	18556	44472	6944
IS	30	73657	20784	45703	7170
IS	31	76799	21774	47756	7269
IS	32	75081	20762	46620	7699
IS	33	75289	21141	46340	7808
IS	34	76458	21528	47101	7829
IS	35	77623	21171	48619	7833
IS	36	81308	23439	49873	7996
IS	37	82589	23299	51316	7974
IS	38	86877	25753	53143	7981
IS	39	87599	25340	54128	8131
IS	40	84750	23976	52696	8078
IS	41	86790	25202	53649	7939
IS	42	88899	26141	54667	8091
IS	43	92416	27766	56410	8240
IS	44	97825	30409	59010	8406
IS	45	103092	34066	60661	8365
IS	46	102759	34847	59577	8335
IS	47	105373	38040	58950	8383
IS	48	99250	33365	57480	8405
IS	49	95517	31210	55674	8633
IS	50	95569	31432	55327	8810
IS	51	94256	30487	55060	8709
IS	52	94737	31220	54594	8923
IS	53	97277	32358	55765	9154
IS	54	94232	31707	53608	8917
IS	55	91697	30406	52313	8978
IS	56	94201	31699	53404	9098
IS	57	94939	34034	51407	9498
IS	58	92933	32721	50566	9646
IS	59	94523	33917	50889	9717
IS	60	90870	31672	49487	9711
IS	61	89541	31484	48166	9891
IS	62	95624	35294	50486	9844
IS	63	94320	35011	49210	10099
IS	64	90468	32456	48012	10000
IS	65	90540	32996	47430	10114
IS	66	90957	33036	47548	10373
IS	67	93494	34025	48962	10507
IS	68	91923	34510	46743	10670
IS	69	89261	33397	45481	10383
IS	70	94745	37777	46528	10440
IS	71	92147	35419	46001	10727
IS	72	90781	35118	44768	10895
IS	73	91186	35041	45246	10899
IS	74	92150	35620	45619	10911
IS	75	92086	36123	44970	10993
IS	76	90640	36042	43688	10910
IS	77	90592	36138	43095	11359
IS	78	91835	36645	43994	11196
IS	79	92009	37758	43110	11141
IS	80	91318	37515	42394	11409
IS	81	91215	37908	41917	11390
IS	82	91862	38650	41703	11509
IS	83	93635	39435	42467	11733
IS	84	90030	37782	40614	11634
IS	85	89514	37746	39759	12009
IS	86	89404	37749	39788	11867
IS	87	89486	38325	39214	11947
IS	88	89775	38732	39080	11963
IS	89	87601	38048	37542	12011
IS	90	90437	39580	38572	12285
IS	91	88254	38344	37695	12215
IS	92	89556	39829	37503	12224
IS	93	88702	39463	36767	12472
IS	94	88972	39434	36890	12648
IS	95	91674	40611	38409	12654
IS	96	87088	38822	35591	12675
IS	97	91899	41630	37514	12755
IS	98	95839	43799	39180	12860
IS	99	97641	45770	39129	12742
IS	100	96556	45398	38315	12843
IS	101	103693	49882	40557	13254
IS	102	110490	53976	43255	13259
IS	103	122377	61071	48224	13082
IS	104	128030	64731	49927	13372
IS	105	123736	63665	46561	13510
IS	106	126046	65810	46664	13572
IS	107	129861	67534	48899	13428
IS	108	133298	69113	50465	13720
IS	109	135180	69490	51918	13772
IS	110	139036	71922	53339	13775
IS	111	127844	66429	47751	13664
IS	112	127288	66554	46770	13964
IS	113	127790	66874	47176	13740
IS	114	133380	69756	49758	13866
IS	115	138180	71915	52330	13935
IS	116	140375	73698	52494	14183
IS	117	130125	69431	46315	14379
IS	118	126889	68780	44135	13974
IS	119	128819	69234	45261	14324
IS	120	130671	70757	45625	14289
IS	121	134146	72362	47227	14557
IS	122	135487	75320	45823	14344
IS	123	124435	70225	39753	14457
IS	124	122741	70569	37540	14632
IS	125	121554	70738	36232	14584
IS	126	125590	74392	36627	14571
IS	127	127393	77436	35415	14542
IS	128	128013	81117	32234	14662
IS	129	119310	77261	27178	14871
IS	130	119647	81917	22736	14994
IS	131	120015	84649	20599	14767
IS	132	121221	85565	20684	14972
IS	133	122382	84091	23394	14897
IS	134	123954	80270	28659	15025
IS	135	117926	90918	11982	15026
IS	136	117036	96491	5386	15159
IS	137	117933	97754	4835	15344
IS	138	118273	98577	4621	15075
IS	139	121011	101410	4278	15323
IS	140	119269	99729	4080	15460
IS	141	114178	94717	3995	15466
IS	142	114857	95958	3636	15263
IS	143	114654	95586	3646	15422
IS	144	116165	97035	3592	15538
IS	145	116939	98020	3441	15478
IS	146	120301	101382	3320	15599
IS	147	118523	99677	3102	15744
IS	148	118407	99756	3047	15604
IS	149	120887	101764	3070	16053
IS	150	122180	103416	2995	15769
IS	151	122439	104007	2935	15497
IS	152	125792	107343	2852	15597
IS	153	122924	104201	2913	15810
IS	154	123504	104386	2884	16234
IS	155	124793	106135	2879	15779
IS	156	125014	106382	2796	15836
IS	157	126078	107391	2891	15796
IS	158	128531	110027	2726	15778
IS	159	129719	111029	2724	15966
IS	160	132238	113549	2816	15873
IS	161	133846	115200	2728	15918
IS	162	134689	115843	2678	16168
IS	163	137262	118382	2656	16224
IS	164	139047	120288	2696	16063
IS	165	140865	122049	2677	16139
IS	166	142919	124309	2617	15993
IS	167	145430	126691	2588	16151
IS	168	147285	128365	2598	16322
IS	169	149333	130416	2584	16333
IS	170	150903	132242	2579	16082
IS	171	153497	134689	2566	16242
IS	172	156427	137666	2509	16252
IS	173	158241	139424	2537	16280
IS	174	161876	143061	2509	16306
IS	175	163859	145051	2474	16334
IS	176	166266	147571	2473	16222
IS	177	169209	150468	2472	16269
IS	178	173294	154734	2430	16130
IS	179	176547	158087	2462	15998
IS	180	179173	160292	2395	16486
IS	181	182791	164073	2356	16362
IS	182	185090	166416	2344	16330
IS	183	187640	169013	2335	16292
IS	184	190380	171943	2340	16097
IS	185	193758	175183	2266	16309
IS	186	194788	176212	2346	16230
IS	187	197874	179494	2293	16087
IS	188	200373	182217	2210	15946
IS	189	201995	183364	2248	16383
IS	190	205220	187068	2195	15957
IS	191	207844	189459	2210	16175
IS	192	210544	192339	2189	16016
IS	193	213544	195352	2149	16043
IS	194	217097	198879	2203	16015
IS	195	219502	201443	2184	15875
IS	196	224428	206298	2101	16029
IS	197	225903	207835	2006	16062
IS	198	229174	211131	2081	15962
IS	199	231241	213399	2065	15777
IS	200	234006	215917	2148	15941
IS	201	237038	219017	2068	15953
IS	202	240781	222833	2097	15851
IS	203	242725	224744	2014	15967
IS	204	244412	226528	2044	15840
IS	205	247153	229262	2018	15873
IS	206	250898	233236	2043	15619
IS	207	255041	237234	2073	15734
IS	208	257663	240068	2027	15568
IS	209	260056	242648	1970	15438
IS	210	262175	244642	2012	15521
IS	211	265096	247351	2056	15689
IS	212	266644	249226	2037	15381
IS	213	269919	252423	2001	15495
IS	214	272133	254909	2009	15215
IS	215	274058	256774	2005	15279
IS	216	276730	259507	1881	15342
IS	217	279757	262692	1918	15147
IS	218	282509	265523	1864	15122
IS	219	284906	267683	1889	15334
IS	220	287681	270714	1805	15162
IS	221	289149	272271	1862	15016
IS	222	291236	274632	1795	14809
IS	223	294833	278214	1789	14830
IS	224	297112	280216	1866	15030
IS	225	298261	281808	1852	14601
IS	226	299222	282946	1759	14517
IS	227	300791	284497	1731	14563
IS	228	304314	288187	1746	14381
IS	229	306872	290426	1847	14599
IS	230	307318	291137	1797	14384
IS	231	309672	293703	1654	14315
IS	232	312003	295862	1731	14410
IS	233	313027	297347	1659	14021
IS	234	314426	298553	1766	14107
IS	235	317564	301670	1642	14252
IS	236	316186	300548	1612	14026
IS	237	318278	302867	1629	13782
IS	238	319929	304128	1695	14106
IS	239	321257	305676	1629	13952
IS	240	322087	306719	1654	13714
IS	241	322408	307189	1609	13610
IS	242	323467	308294	1577	13596
IS	243	324506	309598	1552	13356
IS	244	325406	310541	1552	13313
IS	245	327180	312070	1574	13536
IS	246	327033	312154	1632	13247
IS	247	327956	313277	1644	13035
IS	248	328611	313889	1619	13103
IS	249	329647	315180	1498	12969
IS	250	328839	314519	1531	12789
IS	251	329710	315312	1497	12901
IS	252	330077	315765	1510	12802
IS	253	329061	314869	1454	12738
IS	254	328757	314808	1466	12483
IS	255	329563	315429	1536	12598
IS	256	330321	316387	1441	12493
IS	257	327332	313715	1465	12152
IS	258	328749	315156	1441	12152
IS	259	328876	315291	1353	12232
IS	260	329053	315697	1433	11923
IS	261	329654	316188	1444	12022
IS	262	327735	314471	1356	11908
IS	263	326969	313845	1350	11774
IS	264	326431	313327	1361	11743
IS	265	326373	313280	1348	11745
IS	266	326526	313641	1364	11521
IS	267	326483	313534	1378	11571
IS	268	323099	310539	1334	11226
IS	269	323503	310931	1289	11283
IS	270	322957	310292	1338	11327
IS	271	322078	309696	1293	11089
IS	272	320602	308434	1249	10919
IS	273	320546	308331	1341	10874
IS	274	319813	307678	1332	10803
IS	275	318576	306658	1265	10653
IS	276	317344	305473	1332	10539
IS	277	315825	304025	1292	10508
IS	278	314077	302392	1226	10459
IS	279	313307	301722	1286	10299
IS	280	312660	301055	1252	10353
IS	281	311743	300158	1210	10375
IS	282	308602	297245	1159	10198
IS	283	310128	298861	1135	10132
IS	284	307764	296558	1197	10009
IS	285	306333	295188	1221	9924
IS	286	305315	294172	1156	9987
IS	287	303633	292758	1266	9609
IS	288	302434	291612	1186	9636
IS	289	299732	289012	1201	9519
IS	290	299599	288891	1177	9531
IS	291	295474	284973	1129	9372
IS	292	295737	285327	1131	9279
IS	293	293502	283336	1090	9076
IS	294	292076	281880	1105	9091
IS	295	290444	280231	1091	9122
IS	296	288495	278596	1098	8801
IS	297	287617	277509	1084	9024
IS	298	285446	275483	1121	8842
IS	299	282908	273240	1099	8569
IS	300	282479	272730	1112	8637
IS	301	281093	271368	1038	8687
IS	302	279150	269634	1011	8505
IS	303	276683	267359	1019	8305
IS	304	274868	265451	1013	8404
IS	305	273200	264073	979	8148
IS	306	272335	263063	1039	8233
IS	307	270194	260949	1085	8160
IS	308	267437	258289	963	8185
IS	309	266582	257423	1070	8089
IS	310	264413	255690	978	7745
IS	311	262044	253280	956	7808
IS	312	261280	252436	984	7860
IS	313	258661	250045	1008	7608
IS	314	256735	248041	1027	7667
IS	315	255305	246757	968	7580
IS	316	253626	245016	1011	7599
IS	317	250052	241768	939	7345
IS	318	249373	241206	906	7261
IS	319	247181	239059	947	7175
IS	320	245300	237078	927	7295
IS	321	244070	235926	969	7175
IS	322	241046	232956	996	7094
IS	323	239918	232031	876	7011
IS	324	238892	230903	932	7057
IS	325	235792	228099	874	6819
IS	326	234682	226907	938	6837
IS	327	232218	224607	962	6649
IS	328	231338	223659	944	6735
IS	329	229349	221798	904	6647
IS	330	228270	220715	882	6673
IS	331	224860	217395	890	6575
IS	332	223071	215903	860	6308
IS	333	221216	214057	874	6285
IS	334	220096	212767	922	6407
IS	335	218538	211348	884	6306
IS	336	217624	210366	799	6459
IS	337	214616	207524	884	6208
IS	338	213164	206164	860	6140
IS	339	211247	204311	862	6074
IS	340	209782	202991	867	5924
IS	341	207855	201063	786	6006
IS	342	205619	198860	813	5946
IS	343	204721	198111	777	5833
IS	344	202822	196288	789	5745
IS	345	201482	194876	810	5796
IS	346	199540	193043	757	5740
IS	347	197245	190906	833	5506
IS	348	196047	189670	811	5566
IS	349	193032	186956	718	5358
IS	350	192589	186368	795	5426
IS	351	191295	185165	726	5404
IS	352	190134	184079	779	5276
IS	353	186774	180666	796	5312
IS	354	186107	180245	769	5093
IS	355	183893	177938	823	5132
IS	356	183202	177331	750	5121
IS	357	181569	175811	727	5031
IS	358	179182	173478	719	4985
IS	359	178351	172587	770	4994
IS	360	176385	170723	733	4929
IS	361	173883	168360	729	4794
IS	362	173004	167532	724	4748
IS	363	170322	164753	736	4833
IS	364	169531	164132	741	4658
IS	365	168189	162742	735	4712
IS	366	167337	161916	746	4675
IS	367	164721	159548	696	4477
IS	368	165539	160271	693	4575
IS	369	162929	157677	680	4572
IS	370	161734	156575	690	4469
IS	371	160169	155070	716	4383
IS	372	158611	153622	659	4330
IS	373	156110	151172	626	4312
IS	374	155312	150425	632	4255
IS	375	153860	148873	683	4304
IS	376	152219	147269	688	4262
IS	377	151639	146754	613	4272
IS	378	149952	145307	638	4007
IS	379	148215	143518	661	4036
IS	380	146914	142219	678	4017
IS	381	146384	141812	574	3998
IS	382	144587	140019	642	3926
IS	383	143876	139257	631	3988
IS	384	141381	136953	611	3817
IS	385	140668	136333	624	3711
IS	386	138986	134570	621	3795
IS	387	138669	134356	568	3745
IS	388	137680	133322	658	3700
IS	389	136019	131690	667	3662
IS	390	134501	130282	615	3604
IS	391	133846	129792	599	3455
IS	392	132776	128578	637	3561
IS	393	131509	127348	576	3585
IS	394	129951	125899	600	3452
IS	395	129112	125063	596	3453
IS	396	128475	124307	568	3600
IS	397	126914	122996	550	3368
IS	398	126657	122650	567	3440
IS	399	125251	121223	552	3476
IS	400	123514	119685	594	3235
IS	401	122267	118373	602	3292
IS	402	121147	117316	616	3215
IS	403	119731	115901	593	3237
IS	404	119014	115318	544	3152
IS	405	118490	114677	571	3242
IS	406	116957	113411	590	2956
IS	407	116153	112434	587	3132
IS	408	115358	111890	541	2927
IS	409	113645	110155	575	2915
IS	410	113074	109432	568	3074
IS	411	112297	108810	567	2920
IS	412	110885	107514	539	2832
IS	413	110329	106824	535	2970
IS	414	108434	105041	553	2840
IS	415	108058	104734	523	2801
IS	416	107115	103712	531	2872
IS	417	106078	102796	496	2786
IS	418	105568	102330	531	2707
IS	419	104542	101193	558	2791
IS	420	103174	100008	496	2670
IS	421	102598	99464	499	2635
IS	422	101487	98318	510	2659
IS	423	100281	97197	491	2593
IS	424	99568	96462	509	2597
IS	425	99395	96346	502	2547
IS	426	97761	94714	569	2478
IS	427	97100	94004	497	2599
IS	428	95924	92879	448	2597
IS	429	95565	92609	482	2474
IS	430	94085	91142	463	2480
IS	431	93400	90555	483	2362
IS	432	92276	89268	461	2547
IS	433	91958	89007	473	2478
IS	434	90441	87583	502	2356
IS	435	90021	87184	471	2366
IS	436	89398	86602	460	2336
IS	437	87672	84969	436	2267
IS	438	87932	85249	450	2233
IS	439	87190	84498	504	2188
IS	440	86215	83545	463	2207
IS	441	85959	83331	458	2170
IS	442	84503	81869	474	2160
IS	443	84151	81453	497	2201
IS	444	83216	80607	470	2139
IS	445	82708	80118	450	2140
IS	446	81725	79121	436	2168
IS	447	80366	77790	429	2147
IS	448	80310	77782	421	2107
IS	449	79103	76568	417	2118
IS	450	78965	76515	440	2010
IS	451	78174	75746	446	1982
IS	452	77992	75585	434	1973
IS	453	77358	74978	448	1932
IS	454	76078	73753	416	1909
IS	455	75423	73016	438	1969
IS	456	74507	72192	400	1915
IS	457	73941	71607	401	1933
IS	458	73437	71177	404	1856
IS	459	72390	70154	393	1843
IS	460	72273	70014	436	1823
IS	461	71589	69313	411	1865
IS	462	70771	68580	376	1815
IS	463	70568	68365	388	1815
IS	464	69588	67453	423	1712
IS	465	68909	66678	429	1802
IS	466	68373	66239	409	1725
IS	467	67728	65701	361	1666
IS	468	67545	65393	377	1775
IS	469	67063	65002	398	1663
IS	470	66140	64092	387	1661
IS	471	66198	64146	375	1677
IS	472	65041	62999	390	1652
IS	473	64432	62310	407	1715
IS	474	63732	61699	360	1673
IS	475	62976	60996	402	1578
IS	476	62775	60805	352	1618
IS	477	62196	60230	394	1572
IS	478	61840	59917	370	1553
IS	479	60917	59057	392	1468
IS	480	61047	59109	356	1582
IS	481	60167	58267	377	1523
IS	482	59777	57925	366	1486
IS	483	59315	57460	369	1486
IS	484	58616	56804	356	1456
IS	485	57430	55603	369	1458
IS	486	57440	55626	358	1456
IS	487	56675	54931	395	1349
IS	488	56757	54894	352	1511
IS	489	56092	54318	338	1436
IS	490	55711	53945	365	1401
IS	491	55159	53499	338	1322
IS	492	54810	53155	355	1300
IS	493	54101	52450	341	1310
IS	494	53274	51627	365	1282
IS	495	53137	51412	366	1359
IS	496	52565	50914	348	1303
IS	497	52699	51074	349	1276
IS	498	51427	49835	344	1248
IS	499	50871	49276	307	1288
IS	500	50653	49009	359	1285
IS	501	50122	48541	314	1267
IS	502	50234	48652	341	1241
IS	503	49373	47867	314	1192
IS	504	48625	47084	315	1226
IS	505	48304	46789	320	1195
IS	506	47954	46447	288	1219
IS	507	47438	45947	291	1200
IS	508	47447	45932	352	1163
IS	509	46511	45015	304	1192
IS	510	46142	44714	290	1138
IS	511	45520	44002	331	1187
IS	512	45536	44088	283	1165
IS	513	44946	43518	295	1133
IS	514	45017	43601	303	1113
IS	515	43907	42593	275	1039
IS	516	43666	42247	321	1098
IS	517	43320	41910	323	1087
IS	518	43114	41751	300	1063
IS	519	42992	41658	338	996
IS	520	42284	40913	315	1056
IS	521	41902	40518	313	1071
IS	522	41535	40220	299	1016
IS	523	40933	39539	330	1064
IS	524	40678	39415	292	971
IS	525	40054	38771	308	975
IS	526	40302	38990	294	1018
IS	527	39426	38148	311	967
IS	528	38993	37704	302	987
IS	529	38884	37605	295	984
IS	530	38327	37104	296	927
IS	531	38111	36857	306	948
IS	532	37433	36202	306	925
IS	533	37220	35957	289	974
IS	534	37207	35960	273	974
IS	535	36987	35805	263	919
IS	536	36793	35592	282	919
IS	537	36331	35132	299	900
IS	538	36096	34920	292	884
IS	539	35463	34259	280	924
IS	540	35324	34176	286	862
IS	541	35010	33844	319	847
IS	542	34774	33654	284	836
IS	543	34255	33066	315	874
IS	544	34214	33072	272	870
IS	545	33449	32347	274	828
IS	546	32965	31910	267	788
IS	547	33089	31982	287	820
IS	548	32724	31609	282	833
IS	549	32129	31095	264	770
IS	550	31689	30634	282	773
IS	551	31319	30365	261	693
IS	552	31464	30477	243	744
IS	553	31218	30197	273	748
IS	554	30970	29913	297	760
IS	555	30578	29538	277	763
IS	556	30671	29708	252	711
IS	557	30170	29173	271	726
IS	558	29604	28612	258	734
IS	559	29353	28400	266	687
IS	560	29117	28117	266	734
IS	561	28909	27956	273	680
IS	562	28683	27716	269	698
IS	563	28262	27290	273	699
IS	564	27824	26879	276	669
IS	565	27580	26585	264	731
IS	566	27588	26647	243	698
IS	567	27384	26387	294	703
IS	568	27166	26155	308	703
IS	569	26830	25914	279	637
IS	570	26376	25437	269	670
IS	571	26536	25564	284	688
IS	572	25872	24948	297	627
IS	573	25698	24789	271	638
IS	574	25592	24612	311	669
IS	575	25121	24201	273	647
IS	576	24861	23903	297	661
IS	577	24949	24077	291	581
IS	578	24828	23934	307	587
IS	579	24588	23740	259	589
IS	580	23775	22933	259	583
IS	581	23899	22995	289	615
IS	582	23500	22670	253	577
IS	583	23203	22294	327	582
IS	584	22912	22077	297	538
IS	585	22887	22017	269	601
IS	586	22615	21751	298	566
IS	587	22549	21666	312	571
IS	588	22305	21398	327	580
IS	589	22447	21576	319	552
IS	590	21834	20941	321	572
IS	591	21668	20802	319	547
IS	592	21267	20432	268	567
IS	593	20872	20032	315	525
IS	594	20920	20057	309	554
IS	595	20773	19935	311	527
IS	596	20433	19633	285	515
IS	597	20571	19703	347	521
IS	598	20648	19779	347	522
IS	599	20034	19235	325	474
IS	600	19608	18793	341	474
IS	601	19813	18995	342	476
IS	602	19604	18740	339	525
IS	603	19298	18519	296	483
IS	604	19123	18293	318	512
IS	605	18911	18131	319	461
IS	606	18817	18035	294	488
IS	607	18557	17789	318	450
IS	608	18577	17770	356	451
IS	609	18292	17472	321	499
IS	610	18052	17245	358	449
IS	611	17952	17130	349	473
IS	612	17926	17079	386	461
IS	613	17710	16932	343	435
IS	614	17465	16660	328	477
IS	615	17193	16402	333	458
IS	616	17020	16222	340	458
IS	617	16608	15880	312	416
IS	618	16687	15895	342	450
IS	619	16786	16010	339	437
IS	620	16330	15605	335	390
IS	621	16166	15402	337	427
IS	622	16056	15260	374	422
IS	623	15627	14878	341	408
IS	624	15790	15066	315	409
IS	625	15680	14946	307	427
IS	626	15153	14437	313	403
IS	627	15174	14427	338	409
IS	628	15013	14254	316	443
IS	629	14682	13950	329	403
IS	630	14541	13787	357	397
IS	631	14394	13692	336	366
IS	632	14291	13602	326	363
IS	633	14327	13625	318	384
IS	634	13950	13267	346	337
IS	635	13883	13183	305	395
IS	636	13462	12790	292	380
IS	637	13596	12911	330	355
IS	638	13448	12772	314	362
IS	639	13289	12627	314	348
IS	640	13241	12561	330	350
IS	641	13098	12407	329	362
IS	642	12872	12197	345	330
IS	643	12777	12114	311	352
IS	644	12585	11867	360	358
IS	645	12499	11849	326	324
IS	646	12520	11869	294	357
IS	647	12240	11634	254	352
IS	648	12056	11474	276	306
IS	649	11847	11224	302	321
IS	650	11895	11298	264	333
IS	651	11587	10980	312	295
IS	652	11672	11002	352	318
IS	653	11603	10886	366	351
IS	654	11585	10906	329	350
IS	655	11408	10755	349	304
IS	656	11016	10394	303	319
IS	657	11042	10418	289	335
IS	658	10609	10034	260	315
IS	659	10652	10110	243	299
IS	660	10481	9931	255	295
IS	661	10522	9890	303	329
IS	662	10350	9791	244	315
IS	663	10270	9665	312	293
IS	664	10187	9567	304	316
IS	665	9882	9243	340	299
IS	666	10085	9473	307	305
IS	667	9892	9317	264	311
IS	668	9584	8994	283	307
IS	669	9580	9039	244	297
IS	670	9405	8881	266	258
IS	671	9373	8812	267	294
IS	672	9324	8787	236	301
IS	673	9067	8517	273	277
IS	674	9151	8606	266	279
IS	675	8875	8273	309	293
IS	676	9013	8457	291	265
IS	677	8761	8220	281	260
IS	678	8764	8242	252	270
IS	679	8569	8027	272	270
IS	680	8629	8062	300	267
IS	681	8250	7722	270	258
IS	682	8179	7634	254	291
IS	683	8160	7643	244	273
IS	684	8232	7716	258	258
IS	685	7942	7406	254	282
IS	686	7839	7306	249	284
IS	687	7853	7307	255	291
IS	688	7890	7370	248	272
IS	689	7766	7219	302	245
IS	690	7571	6999	301	271
IS	691	7570	7046	270	254
IS	692	7298	6766	279	253
IS	693	7324	6799	258	267
IS	694	7145	6695	220	230
IS	695	7099	6637	217	245
# Read lengths. Use `grep ^RL | cut -f 2-` to extract this part. The columns are: read length, count
RL	40	390058
RL	41	393627
RL	42	391679
RL	43	389587
RL	44	374904
RL	45	381076
RL	46	384131
RL	47	378877
RL	48	377011
RL	49	376734
RL	50	378225
RL	51	380368
RL	52	379465
RL	53	380514
RL	54	391261
RL	55	381694
RL	56	397063
RL	57	404366
RL	58	385306
RL	59	359228
RL	60	413371
RL	61	382290
RL	62	360971
RL	63	356918
RL	64	356090
RL	65	354198
RL	66	350647
RL	67	350788
RL	68	342343
RL	69	343504
RL	70	339872
RL	71	343865
RL	72	358042
RL	73	348476
RL	74	341938
RL	75	348796
RL	76	340751
RL	77	338914
RL	78	338941
RL	79	341358
RL	80	338853
RL	81	341479
RL	82	343139
RL	83	343042
RL	84	340534
RL	85	349060
RL	86	346360
RL	87	349060
RL	88	351827
RL	89	347073
RL	90	344827
RL	91	343504
RL	92	342531
RL	93	349328
RL	94	348255
RL	95	361690
RL	96	363978
RL	97	381653
RL	98	386734
RL	99	411292
RL	100	402504
RL	101	413865
RL	102	410802
RL	103	417210
RL	104	393335
RL	105	411711
RL	106	441403
RL	107	446841
RL	108	441480
RL	109	454622
RL	110	441146
RL	111	461297
RL	112	441861
RL	113	448367
RL	114	455783
RL	115	464294
RL	116	454796
RL	117	470586
RL	118	456266
RL	119	471640
RL	120	481894
RL	121	481642
RL	122	476689
RL	123	483057
RL	124	486628
RL	125	502405
RL	126	506807
RL	127	514055
RL	128	499391
RL	129	514604
RL	130	516014
RL	131	561911
RL	132	755296
RL	133	1979931
RL	134	12725935
RL	135	131407608
# Read lengths - first fragments. Use `grep ^FRL | cut -f 2-` to extract this part. The columns are: read length, count
FRL	40	113396
FRL	41	114024
FRL	42	111839
FRL	43	111578
FRL	44	108520
FRL	45	108713
FRL	46	108974
FRL	47	108258
FRL	48	108369
FRL	49	108677
FRL	50	110702
FRL	51	110868
FRL	52	110467
FRL	53	110035
FRL	54	110932
FRL	55	108150
FRL	56	115280
FRL	57	112728
FRL	58	109760
FRL	59	105405
FRL	60	122028
FRL	61	109355
FRL	62	109468
FRL	63	108100
FRL	64	107476
FRL	65	109515
FRL	66	112400
FRL	67	115228
FRL	68	116059
FRL	69	118444
FRL	70	121530
FRL	71	123293
FRL	72	133507
FRL	73	127926
FRL	74	128884
FRL	75	128316
FRL	76	124558
FRL	77	124002
FRL	78	124823
FRL	79	125743
FRL	80	129874
FRL	81	126971
FRL	82	127466
FRL	83	124910
FRL	84	123341
FRL	85	121066
FRL	86	122389
FRL	87	121987
FRL	88	122212
FRL	89	122012
FRL	90	121218
FRL	91	120972
FRL	92	119545
FRL	93	120806
FRL	94	122565
FRL	95	124042
FRL	96	122316
FRL	97	123288
FRL	98	122952
FRL	99	128271
FRL	100	125887
FRL	101	128853
FRL	102	131490
FRL	103	128087
FRL	104	129350
FRL	105	133836
FRL	106	133744
FRL	107	135410
FRL	108	134578
FRL	109	133858
FRL	110	135793
FRL	111	135028
FRL	112	139335
FRL	113	142168
FRL	114	149677
FRL	115	161371
FRL	116	170419
FRL	117	176274
FRL	118	170256
FRL	119	171044
FRL	120	169952
FRL	121	169358
FRL	122	178483
FRL	123	185804
FRL	124	187675
FRL	125	196929
FRL	126	200425
FRL	127	201101
FRL	128	203521
FRL	129	205942
FRL	130	211500
FRL	131	223443
FRL	132	305291
FRL	133	799866
FRL	134	5003590
FRL	135	73377700
# Read lengths - last fragments. Use `grep ^LRL | cut -f 2-` to extract this part. The columns are: read length, count
LRL	40	276662
LRL	41	279603
LRL	42	279840
LRL	43	278009
LRL	44	266384
LRL	45	272363
LRL	46	275157
LRL	47	270619
LRL	48	268642
LRL	49	268057
LRL	50	267523
LRL	51	269500
LRL	52	268998
LRL	53	270479
LRL	54	280329
LRL	55	273544
LRL	56	281783
LRL	57	291638
LRL	58	275546
LRL	59	253823
LRL	60	291343
LRL	61	272935
LRL	62	251503
LRL	63	248818
LRL	64	248614
LRL	65	244683
LRL	66	238247
LRL	67	235560
LRL	68	226284
LRL	69	225060
LRL	70	218342
LRL	71	220572
LRL	72	224535
LRL	73	220550
LRL	74	213054
LRL	75	220480
LRL	76	216193
LRL	77	214912
LRL	78	214118
LRL	79	215615
LRL	80	208979
LRL	81	214508
LRL	82	215673
LRL	83	218132
LRL	84	217193
LRL	85	227994
LRL	86	223971
LRL	87	227073
LRL	88	229615
LRL	89	225061
LRL	90	223609
LRL	91	222532
LRL	92	222986
LRL	93	228522
LRL	94	225690
LRL	95	237648
LRL	96	241662
LRL	97	258365
LRL	98	263782
LRL	99	283021
LRL	100	276617
LRL	101	285012
LRL	102	279312
LRL	103	289123
LRL	104	263985
LRL	105	277875
LRL	106	307659
LRL	107	311431
LRL	108	306902
LRL	109	320764
LRL	110	305353
LRL	111	326269
LRL	112	302526
LRL	113	306199
LRL	114	306106
LRL	115	302923
LRL	116	284377
LRL	117	294312
LRL	118	286010
LRL	119	300596
LRL	120	311942
LRL	121	312284
LRL	122	298206
LRL	123	297253
LRL	124	298953
LRL	125	305476
LRL	126	306382
LRL	127	312954
LRL	128	295870
LRL	129	308662
LRL	130	304514
LRL	131	338468
LRL	132	450005
LRL	133	1180065
LRL	134	7722345
LRL	135	58029908
# Indel distribution. Use `grep ^ID | cut -f 2-` to extract this part. The columns are: length, number of insertions, number of deletions
ID	1	6216809	6886391
ID	2	2365829	2009493
ID	3	677532	652318
ID	4	923055	892883
ID	5	297225	345133
ID	6	290848	386190
ID	7	95333	138306
ID	8	121132	207236
ID	9	67084	138602
ID	10	88020	164455
ID	11	94086	306635
ID	12	57647	80708
ID	13	18684	34733
ID	14	16205	27999
ID	15	13245	23169
ID	16	10057	21444
ID	17	6485	13156
ID	18	6390	14767
ID	19	4454	10914
ID	20	5013	13255
ID	21	3939	10993
ID	22	6945	23944
ID	23	2160	6827
ID	24	1724	6803
ID	25	1131	3902
ID	26	883	3391
ID	27	731	2929
ID	28	709	2951
ID	29	447	2337
ID	30	432	2687
ID	31	240	2054
ID	32	222	2170
ID	33	242	2713
ID	34	131	1561
ID	35	109	1276
ID	36	55	1258
ID	37	43	982
ID	38	33	1045
ID	39	11	918
ID	40	14	928
ID	41	1	778
ID	42	0	820
ID	43	0	666
ID	44	0	797
ID	45	0	538
ID	46	0	468
ID	47	0	396
ID	48	0	382
ID	49	0	327
ID	50	0	312
ID	51	0	236
ID	52	0	239
ID	53	0	218
ID	54	0	180
ID	55	0	112
ID	56	0	111
ID	57	0	96
ID	58	0	80
ID	59	0	43
ID	60	0	39
ID	61	0	19
ID	62	0	11
ID	63	0	2
ID	66	0	2
# Indels per cycle. Use `grep ^IC | cut -f 2-` to extract this part. The columns are: cycle, number of insertions (fwd), .. (rev) , number of deletions (fwd), .. (rev)
IC	1	47	42	16	15
IC	2	8	6	20	29
IC	3	8	8	26738	30897
IC	4	67673	29300	32425	37382
IC	5	121412	31599	33013	32670
IC	6	52843	30012	21446	32960
IC	7	19624	31395	14771	33004
IC	8	11040	29715	18390	41721
IC	9	14140	39190	18079	43678
IC	10	14624	39559	17777	42498
IC	11	16546	40660	18276	43767
IC	12	17345	40949	21060	44862
IC	13	19698	42811	25289	48673
IC	14	21988	45501	27902	52714
IC	15	26567	50858	32120	48567
IC	16	29872	49486	35215	50782
IC	17	33349	49633	39775	50568
IC	18	36579	48666	42716	53755
IC	19	40016	53050	46873	57073
IC	20	42583	54109	51032	60149
IC	21	45906	57711	52655	55796
IC	22	48917	54256	53097	57770
IC	23	52135	56957	56869	56991
IC	24	54702	55317	58080	59589
IC	25	57640	57466	60678	60257
IC	26	59420	57888	60292	59291
IC	27	62094	59646	62091	58625
IC	28	60881	56636	62845	60270
IC	29	63279	59707	64964	60215
IC	30	64240	56650	65936	63852
IC	31	64984	58450	67087	60944
IC	32	65499	59211	67086	62367
IC	33	66626	59253	67756	60519
IC	34	66497	58117	67597	60476
IC	35	67469	57846	68828	60881
IC	36	67366	56552	68195	62997
IC	37	67560	57901	69229	60035
IC	38	68814	55329	68858	61830
IC	39	69708	57888	70066	58340
IC	40	68102	55757	70749	62309
IC	41	67129	56000	70449	61249
IC	42	68328	55036	70205	61162
IC	43	68574	54869	70717	59370
IC	44	68339	53274	70410	60261
IC	45	67998	53669	70689	57421
IC	46	67536	51747	70339	59276
IC	47	66809	52107	70728	56584
IC	48	67430	49338	70035	57587
IC	49	66975	50264	70757	55033
IC	50	66429	48279	69866	55889
IC	51	66642	50193	70490	54528
IC	52	66808	48225	68920	57888
IC	53	66003	50233	69454	54275
IC	54	67685	46974	69410	54130
IC	55	67147	47278	69719	52535
IC	56	66725	46621	68921	53838
IC	57	66151	46373	69090	51947
IC	58	66930	44505	68667	53306
IC	59	66027	44891	69688	50671
IC	60	65255	43744	68809	51721
IC	61	65468	43279	69220	48962
IC	62	65692	43482	67591	51073
IC	63	65156	44241	68412	49794
IC	64	64857	43666	67821	49972
IC	65	64368	42453	68353	47769
IC	66	64560	41131	67094	48337
IC	67	64172	41766	67421	46501
IC	68	64203	39329	66295	47658
IC	69	62627	39899	66919	45745
IC	70	62800	38230	65774	45890
IC	71	61607	38427	66203	44858
IC	72	62388	37346	65104	45053
IC	73	61421	37747	65567	44757
IC	74	61496	37125	64335	45066
IC	75	61361	38007	65390	43287
IC	76	60919	36366	64111	43459
IC	77	60113	35952	63941	41972
IC	78	59643	35677	62758	41906
IC	79	58857	35395	63875	40738
IC	80	58092	34229	63040	42230
IC	81	58057	34617	62412	40834
IC	82	57377	34001	61644	41034
IC	83	56391	33654	62028	39672
IC	84	57228	34163	61044	40132
IC	85	56284	33341	61077	40454
IC	86	55474	32682	59506	39662
IC	87	54770	33117	59539	37780
IC	88	54395	30781	59047	38487
IC	89	53131	31309	59230	37001
IC	90	53668	30541	58369	36678
IC	91	52589	30485	58697	36145
IC	92	52338	30307	56154	36531
IC	93	51556	29974	56883	35578
IC	94	51472	28609	55287	34960
IC	95	49995	28802	55798	34945
IC	96	49986	28437	54431	34971
IC	97	49554	28482	54330	34529
IC	98	49272	27636	52760	33034
IC	99	48004	27443	53038	32713
IC	100	47875	27332	52004	32769
IC	101	46847	26462	52172	31621
IC	102	47146	25776	50599	31407
IC	103	47120	25845	50911	31368
IC	104	44787	26648	49377	31471
IC	105	44108	25196	49536	30302
IC	106	43617	24711	48411	29816
IC	107	42228	24492	48209	29470
IC	108	42039	23925	46788	29391
IC	109	41584	24548	46797	28550
IC	110	41051	23408	45575	28511
IC	111	39613	23010	45050	27737
IC	112	38689	22780	43865	27500
IC	113	37591	22411	43423	26764
IC	114	37276	21858	42636	27008
IC	115	35812	21703	42226	26227
IC	116	35393	20831	40689	25823
IC	117	33990	20612	39781	25244
IC	118	33174	19947	39090	24814
IC	119	31951	19613	38422	23893
IC	120	31504	19525	36576	23833
IC	121	30296	18780	35907	22928
IC	122	29142	17802	34391	22390
IC	123	27270	16835	33325	21344
IC	124	26546	16392	32063	20977
IC	125	24732	15099	30654	20147
IC	126	22332	13922	28677	19406
IC	127	19922	12411	27747	17904
IC	128	16979	10888	24631	16570
IC	129	15519	10184	22653	15905
IC	130	15216	9870	22225	14532
IC	131	12754	8446	19179	12429
IC	132	11869	7197	14593	8349
IC	133	2	3	11	10
IC	134	0	2	13	4
# Coverage distribution. Use `grep ^COV | cut -f 2-` to extract this part.
COV	[1-1]	1	276
# GC-depth. Use `grep ^GCD | cut -f 2-` to extract this part. The columns are: GC%, unique sequence percentiles, 10th, 25th, 50th, 75th and 90th depth percentile
GCD	0.0	66.667	0.000	0.000	0.000	0.000	0.000
GCD	0.3	100.000	0.006	0.006	0.006	0.006	0.006
