#Rname	Rclass	Rfam	Rlen	FRG_NB_all	FRG_NB_Reconstructed_repeats	LEN_MASKED_NR	AVG_%DIV	MED_%DIV	AVG_%DEL	MED_%DEL	AVG_%INS	MED_%INS	AVG_LEN_MASKED	%_GENOME

Wilpoe067	LTR	ERVL	3508	348	294	231168	8.96173129498862	5.2	1.85903801564238	1.3	0.741650228406748	0.2	0.00233546340174336	nd
Wilpoe076	Unknown	Unknown	6038	847	635	925905	6.56575393804216	2.5	1.35671899384764	0.5	1.39914267661512	0.2	0.00935431046248263	nd
TguERVL2a3_LTR_Ucy	LTR	ERV3	641	3	3	265	23.4950943396225	22.2	7.16603773584908	7.9	6.22452830188681	6.0	2.67726416053256e-06	nd
Wilpoe004	LTR	Unknown	861	1510	1136	710956	10.219842437505	9.4	4.16471103697143	3.4	6.523363471158	6.5	0.00718270573024749	nd
Wilpoe049	Unknown	Unknown	1321	627	531	434377	8.82129440554524	8.8	3.11655198134715	2.7	2.89485078629606	2.5	0.0043884602802251	nd
Wilpoe129	LINE	CR1	472	917	909	234111	6.08476150202059	5.0	1.23763385744367	0.0	3.34324444387431	3.1	0.00236519618825071	nd
TguLTRK1a-La_Ucy	LTR	ERV2	814	3	3	161	19.4198757763975	18.0	1.8472049689441	2.2	1.23105590062112	1.6	1.62656426356884e-06	nd
Wilpoe117	LTR	Unknown	558	309	301	150959	5.38199511125501	4.0	1.4100318629559	0.5	1.59709192562245	1.8	0.00152512120909371	nd
Wilpoe038	LTR	ERVL	1437	391	390	66541	9.32648893163534	6.8	3.08802091943313	1.0	1.65461895673274	1.1	0.000672255979267913	nd
Wilpoe073	LTR	ERV1	758	541	468	153223	16.7523524536132	15.7	6.50029042637206	4.4	2.1022757679986	1.7	0.00154799413761992	nd
Wilpoe091	LTR	ERVK	7286	793	455	727200	15.6845295654349	6.4	1.57686674917441	0.5	1.19952956545225	0.8	0.00734681697184632	nd
Wilpoe101	SINE	SINE2	135	5802	5784	670545	5.60991104251128	5.0	0.915444153636188	0.0	0.269082761037651	0.0	0.00677443810009171	nd
TguLTRL4c_fAlb	LTR	ERV3	1152	1009	949	427142	21.9540110782678	21.3	6.27007575935394	5.6	2.90160766208868	2.2	0.00431536591720075	nd
TguERVL2a1_LTR-La_Ucy	LTR	ERV3	746	9	8	1275	23.7134117647066	23.4	8.73709803921554	6.9	2.70384313725492	2.0	1.28811766214302e-05	nd
Wilpoe142	LTR	Unknown	649	357	279	129061	4.96094637419471	4.1	3.56201331153543	2.8	3.53339816056053	2.2	0.0013038882634811	nd
Wilpoe130	LTR	Unknown	560	489	466	169241	12.1719601042319	9.7	3.97221240716038	3.0	4.11334073894699	3.4	0.00170982212751959	nd
Wilpoe022	LINE	CR1	420	848	826	215118	12.0816458873669	11.8	4.56944421201324	3.2	2.40280171812626	1.8	0.00217331211956771	nd
Wilpoe016	LINE	Unknown	1999	466	362	346187	4.14866098380482	3.0	1.07590030821574	0.5	1.75564795905067	1.2	0.00349748697336711	nd
TguLTRL4a-La_fAlb	LTR	ERV3	1435	3	3	59	27.8762711864407	29.9	4.35254237288135	3.6	5.07627118644068	6.7	5.96070133854419e-07	nd
Wilpoe034	LTR	ERVL	589	1104	1066	350321	17.275137944912	15.8	5.33034588277398	4.1	1.56755775417522	0.9	0.00353925229427142	nd
CR1-E2_Ucy	LINE	CR1	475	3266	3203	1069311	12.5463334801708	12.3	4.24140282854909	3.0	0.766944509127327	0.4	0.0108031245915594	nd
Wilpoe152	LTR	Unknown	626	1127	1098	571397	12.2920052082923	12.9	5.08552565029206	4.8	2.03918448994479	1.6	0.0057727573944748	nd
CR1-X1c_Ucy	LINE	CR1	2198	1266	1236	869966	16.1616772379552	14.6	3.1294347135371	2.6	0.757188097005812	0.5	0.00878916525540327	nd
Wilpoe089	LTR	Unknown	749	802	633	237524	18.5161465788737	20.9	3.79320616021988	2.7	3.63853631633225	3.1	0.00239967733006164	nd
UcyLTR1	LTR	ERV1	565	33	33	2725	20.4104220183486	21.5	3.04231192660549	2.5	5.36543119266053	4.1	2.75303578771744e-05	nd
AviRTE_Apaloderma_vittatum	LINE	RTE-BovB	3998	78	77	33057	11.8563874519759	12.0	1.77991953292783	1.5	0.30322170795907	0.1	0.000333971023980093	nd
Wilpoe115	LTR	Unknown	445	286	251	97843	11.5501129360298	11.2	2.7099649438387	1.3	4.69303578181358	3.5	0.000988496442486744	nd
Wilpoe100	LTR	Unknown	408	404	395	153920	5.51672882016596	5	1.89395919958494	1.6	3.62605249480568	3.4	0.00155503584750631	nd
Wilpoe090	Unknown	Unknown	1304	692	604	230575	9.37254515884351	8.1	1.23566084788128	0.5	3.78871256641093	3.6	0.00232947239175394	nd
TguLTRL2a8-Lc_fAlb	LTR	ERV3	1671	10	10	624	18.8338141025643	19.3	2.73429487179487	2.4	5.38365384615387	5.9	6.30419938178232e-06	nd
TguLTRL1a7-a_fAlb	LTR	ERV3	669	2	2	146	16.2431506849315	19.7	7.51438356164382	10.3	8.48424657534248	5.9	1.47502100919907e-06	nd
CR1-E1_Ucy	LINE	CR1	419	4514	4453	1079978	12.6608337392119	12.5	4.52532783075183	2.8	0.771029687641874	0.4	0.0109108920511835	nd
Wilpoe131	LINE	CR1	317	3318	2948	648069	10.864769646436	10.7	2.49287298111639	1.2	1.67973255934339	1.4	0.00654736568774405	nd
Wilpoe059	LTR	ERVK	4426	330	300	135285	11.6688568577471	3.9	1.19269985586002	0.4	1.29853568392612	0.9	0.00136676861116093	nd
Wilpoe008	LTR	Unknown	543	939	924	444899	9.38061312792788	5.6	1.21182470628361	0.6	1.63101423019433	0.6	0.00449476282172368	nd
TguERVK7_LTR2-Lc_fAlb	LTR	ERV2	681	1	1	61	21.3	21.3	3.3	3.3	0	0.0	6.16275901103721e-07	nd
Wilpoe013	LTR	Unknown	2770	185	159	164841	6.23189740416273	5.7	2.09432180100797	1.8	5.90741805739952	5.8	0.00166536943957112	nd
Wilpoe065	LTR	Unknown	600	162	128	64873	9.90292417492548	7.5	2.75602947297041	1.5	1.75945000231178	1.2	0.000655404369381995	nd
Wilpoe106	LTR	Unknown	608	752	726	356855	10.1530262991999	8.3	2.83091479732557	2.1	2.9119524736946	2.5	0.00360526453587489	nd
Wilpoe096	LTR	ERV1	643	254	231	117044	10.5051066265666	9.6	3.3788882813296	2.6	2.44490191722728	1.9	0.00118248191096367	nd
TguERVL2a1_LTR-Lb_Ucy	LTR	ERV3	780	10	9	802	21.2139650872819	21.5	5.66820448877806	1.5	7.34850374064838	5.9	8.10251266697023e-06	nd
Wilpoe068	LTR	ERVL	2268	353	320	316965	7.75536573439391	6.5	0.708344138942799	0.4	0.340420551165472	0.1	0.00320226050808756	nd
Wilpoe005	LTR	Unknown	801	819	604	382320	9.83532459720243	9.1	3.96038135593256	3.5	7.36903980958402	7	0.00386253446737663	nd
CR1-J2b_Ucy	LINE	CR1	1205	8284	8065	2489269	18.9548555821341	18.4	3.99214440062604	3.1	0.932406541837597	0.5	0.0251487950174518	nd
fAlbLTR3b	LTR	ERV1	621	1	1	69	20.9	20.9	4.30000000000001	4.3	2.9	2.9	6.9709897010093e-07	nd
TguLTRL3c-Lb_fAlb	LTR	ERV3	564	1	1	45	9.80000000000001	9.8	0	0.0	9.80000000000001	9.8	4.54629763109302e-07	nd
GymnSINE_Gymnopithys_rufigula	SINE	RTE	302	99	98	11392	13.6002545646069	14	1.81503686797749	0.7	1.61974192415731	0.9	0.000115092050252026	nd
CR1-E5a_Ucy	LINE	CR1	1338	5294	5043	2180608	23.3692715059419	22.5	4.4708846340133	4	1.30340583910478	0.9	0.0220304288549833	nd
ManaSINE1_Zimmerius_chrysops	SINE	RTE	217	4	4	183	22.2245901639345	26.3	14.8344262295082	14.4	0.727868852459016	0.6	1.84882770331116e-06	nd
Wilpoe118	LTR	Unknown	940	18	18	7364	14.1329440521463	13	2.14134980988587	1.6	2.15131721890277	0.9	7.43976350119312e-05	nd
fAlbLTRL3	LTR	ERV3	702	1	1	41	19.5	19.5	0	0.0	0	0.0	4.14218228610698e-07	nd
Wilpoe010	LTR	Unknown	593	1288	1152	517352	14.9354839644959	15.9	5.10435854118521	4.7	5.61084716015802	5.1	0.00522674704898053	nd
CR1-J1b_fAlb	LINE	CR1	441	1219	1204	206850	19.7380507614192	19.4	5.57572105390281	4.3	1.20215228426383	0.7	0.00208978147775909	nd
Wilpoe093	LTR	Unknown	591	690	629	256166	10.5723554257746	8.8	2.11054316341803	1.2	2.47123818149308	1.5	0.00258801528659239	nd
Wilpoe037	LTR	ERVL	1537	500	445	185657	12.830024184391	7.1	2.7536478559923	1.1	2.2648335371145	2.2	0.00187567106510186	nd
AviRTE_Gymnopithys_rufigula	LINE	RTE-BovB	3976	142	139	91983	7.38027244164754	7.4	1.21704771533881	0.8	0.234968418077302	0.1	0.000929293544446288	nd
Wilpoe103	LTR	ERVL	798	1385	1247	529135	11.6341425156031	10.0	3.60737127575926	2.3	2.17696070000996	0.5	0.00534578932672979	nd
CR1-X1b_Ucy	LINE	CR1	754	435	433	70126	18.3040027949686	18	4.51113567007871	3.4	1.09111028719725	0.5	0.000708474817062287	nd
AviRTE_Zimmerius_chrysops	LINE	RTE-BovB	3992	7	7	156	9.98461538461537	8.9	0.294230769230769	0	0.0230769230769231	0	1.57604984544558e-06	nd
TguERVL2_I-b_fAlb	LTR	ERV3	2107	70	63	10754	28.3706992746876	30.5	5.9985214803794	4	3.69895852705949	3.4	0.000108646410499499	nd
Wilpoe071	LTR	ERVL	976	397	285	119726	14.2103828742274	13.9	5.75076925646844	4.8	5.06676411138803	3.4	0.00120957784484498	nd
fAlbLTR3a	LTR	ERV1	596	1	1	70	26.1	26.1	0	0	1.4	1.4	7.07201853725581e-07	nd
Wilpoe035	LTR	ERVL	1113	2157	1988	862671	16.7830896135349	15.9	6.16147720277652	5.6	3.46832940947692	3.1	0.00871546471936144	nd
Wilpoe136	LINE	CR1	391	279	269	76394	10.8786357567338	10.9	3.94580988035715	3.2	3.33737073592145	3	0.000771799691621601	nd
Wilpoe114	LTR	Unknown	434	194	178	61527	15.5221236205238	16.0	3.09100720008971	2.0	6.85399743202123	6.5	0.000621600120773912	nd
CR1-M1_Ucy	LINE	CR1	678	2455	2421	419560	28.8457257603311	30.5	5.92615382781964	5.4	2.68167318142723	2.3	0.00423876585355864	nd
Wilpoe133	LTR	Unknown	823	56	52	17739	6.69847229268835	5.4	0.400225491854103	0.0	2.75624330571135	0.6	0.000179215052617687	nd
Wilpoe007	LINE	CR1	3167	2028	1847	1030829	22.7685449284247	27.6	3.54985919100455	3.0	1.65468094126162	1.2	0.0104143454239155	nd
Wilpoe070	LTR	Unknown	3378	401	337	330838	6.55413858142929	1.5	0.773202594624388	0.3	1.00919725061873	0.5	0.00334241781261234	nd
TguLTRL4b_fAlb	LTR	ERV3	1111	76	67	12135	21.9243098475496	21.9	9.09421508034654	10.8	3.1418953440461	2.4	0.000122598492785142	nd
Wilpoe064	LTR	Unknown	582	214	209	75339	13.1841848179564	16.3	3.05923359747327	2.4	3.60456735555341	3.9	0.000761141149397594	nd
Wilpoe011	LTR	ERVL	3245	326	207	475618	9.55565012258401	6.3	1.66017350058186	0.9	0.684635358626624	0.3	0.00480511330378934	nd
CR1-X1NA_fAlb	LINE	CR1	284	499	490	40892	14.5463024552463	14.3	4.40924141641359	2.4	2.29803384525108	0.7	0.000413127117179235	nd
Wilpoe110	LTR	ERVL	574	280	256	86282	16.1800398692672	14.5	6.04734243526991	3.8	2.97112955193355	2.1	0.000871697004902152	nd
TguERVL2a2_LTR-La_fAlb	LTR	ERV3	677	5	5	387	22.2286821705427	22.6	4.6454780361757	4.9	4.48785529715763	4.7	3.90981596274e-06	nd
BuceSINE_Buceros_rhinoceros	SINE	RTE	564	145	144	4520	13.9693362831861	13.3	1.81174778761061	0	1.58969026548675	0	4.56650339834233e-05	nd
Wilpoe018	LTR	Unknown	2592	68	56	27937	10.1982138382815	7.3	2.56952428678856	2.3	6.99745856749033	5.9	0.000282244259821879	nd
AviRTE_Loa_loa	LINE	RTE-BovB	3998	9	9	326	19.7963190184048	19	5.87699386503067	6.5	1.15981595092025	0	3.29354006163628e-06	nd
Wilpoe137	LTR	ERVL	1460	509	481	131886	13.3352637884212	14.2	2.80861425776765	1.9	3.21111035288029	3	0.00133242890972074	nd
Wilpoe003	LTR	ERVK	5128	266	244	718908	3.85048309381436	2.1	0.327056869585921	0	0.22180598908443	0.1	0.00726304386083072	nd
TguERVL2b1_LTR-La_fAlb	LTR	ERV3	577	1	1	17	19.8	19.8	14.1	14.1	1	1.0	1.7174902161907e-07	nd
Wilpoe060	LTR	ERVL	845	262	233	116998	12.8096779432097	12.1	4.99205371031765	4.3	3.39990427186788	2.4	0.00118201717831694	nd
Wilpoe006	LTR	ERVL	4410	1462	1182	3037778	10.2589060161646	10.1	0.681256069405806	0.1	1.59664600245106	1.7	0.0306903176115256	nd
fAlbLTR1	LTR	ERV1	531	1	1	40	15	15	0	0	0	0	4.04115344986046e-07	nd
ManaSINE1_Manacus_vitellinus	SINE	RTE	331	55	55	2398	13.9494995829861	15.7	4.1147206005004	0	0.874937447873226	0	2.42267149319135e-05	nd
Wilpoe074	LTR	ERVK	2774	319	281	170037	10.9376453360185	4.5	1.31098702047169	0.5	1.57814416862369	0.8	0.00171786402288481	nd
Wilpoe105	LTR	Unknown	548	513	488	223857	14.5204938867191	14.8	2.85819384696587	2.1	4.26871038207472	3.9	0.00226160121956354	nd
Wilpoe095	SINE	RTE	355	4376	4331	1371436	6.35685901493349	6.2	1.31817029742359	0.6	0.521344634383606	0	0.0138554583066571	nd
AviRTE_Melopsittacus_undulatus	LINE	RTE-BovB	3999	18	18	613	17.1295269168026	16.4	4.81990212071782	2.8	1.87830342577487	0.0	6.19306766191116e-06	nd
Wilpoe078	LTR	Unknown	812	297	279	113382	11.2279479987983	10.7	2.50582720361156	1.4	3.87108535746334	3.8	0.0011454851511302	nd
Wilpoe097	LTR	Unknown	589	436	399	190686	13.1399704225722	11.7	3.48774267644145	2.5	3.11265693338993	2.9	0.00192647846685023	nd
Wilpoe033	LTR	ERVL	595	1668	1557	602063	13.7153012226195	13.0	3.87379045050138	3.0	1.09776817376232	0.5	0.00608257242370835	nd
Wilpoe107	LTR	Unknown	467	458	389	105279	16.8185497582593	14.8	5.52705382839991	4.2	4.15375430997637	4.1	0.00106362148511965	nd
CR1-E4_fAlb	LINE	CR1	438	3897	3876	958371	17.654021041968	17.0	3.82026177753928	2.6	1.07218644971538	0.6	0.00968231068224056	nd
Wilpoe111	LTR	Unknown	669	170	169	34473	4.80789023293616	4.5	0.411194267977825	0.0	1.87259014301127	1.3	0.000348276707192599	nd
TguLTR6a_Ucy	LTR	ERV3	464	1124	917	328120	20.0157320492513	20.2	8.4532155918551	7.9	3.89787364378817	2.4	0.00331495817492054	nd
Wilpoe135	LINE	CR1	433	8114	8090	2458387	3.88548418129833	3.0	0.683182143412756	0.0	0.17093634972817	0.0	0.0248367977653553	nd
Wilpoe014	LTR	Unknown	2711	187	164	123984	9.28193557233017	6.8	2.69406536327182	2	6.47202461608054	6.9	0.00125259592331875	nd
Wilpoe036	LTR	Unknown	1310	350	316	220576	10.9944545190747	9.2	4.55136959596711	3.6	2.78938189104555	2.3	0.00222845365839105	nd
Wilpoe061	LTR	Unknown	718	2968	2851	1804851	10.0593222930828	9.4	2.19947729757284	1.3	2.90020417198236	1.9	0.0182341996128353	nd
Wilpoe017	LTR	Unknown	2850	395	317	385468	6.41927760540596	5	2.32200727427472	1.9	6.53698517127073	6.1	0.00389433834502703	nd
Wilpoe122	LINE	CR1	236	3441	3413	457261	11.3964447000731	11.0	3.56273812986476	0.9	1.01189561322712	0.5	0.00461965466909161	nd
AviRTE_Ara_macao	LINE	RTE-BovB	3991	10	10	392	18.406887755102	19.4	3.45459183673473	1.6	2.54591836734695	2.7	3.96033038086326e-06	nd
Wilpoe042	LTR	Unknown	751	1232	938	605778	3.41258117660197	3.2	1.67414944088507	0.9	2.66548603613965	2	0.00612010463637393	nd
Wilpoe030	LTR	Unknown	561	138	134	39006	9.78091832025756	9.7	2.29923857868092	1.6	2.36303132851387	2.1	0.000394073078663143	nd
UcyLTRK6	LTR	ERV2	544	1	1	71	23.9	23.9	7	7.0	0	0.0	7.17304737350232e-07	nd
UcyLTRL4	LTR	ERV3	709	391	355	138731	25.883546575743	26.0	7.36183333213187	7.0	8.06889303760477	8.2	0.00140158314813148	nd
Wilpoe138	LTR	Unknown	515	152	145	55140	9.41212368516686	4.9	1.89286724700698	0.9	2.37273122959656	0.4	0.000557073003063265	nd
CR1-X1_fAlb	LINE	CR1	1080	1945	1933	392924	16.3739140393564	15.6	3.95084112958044	2.9	1.05278603495808	0.5	0.00396966544533243	nd
Wilpoe001	LTR	Unknown	318	628	569	156021	10.9022868716372	9.4	2.85902346478932	1.6	1.27229155049592	0.6	0.0015762620060017	nd
TguERVL2b1_LTR-Lb_fAlb	LTR	ERV3	645	1	1	29	3.5	3.5	0	0.0	0	0.0	2.92983625114884e-07	nd
fAlbLTRL4	LTR	ERV3	651	1	1	38	10.5	10.5	10.5	10.5	0	0	3.83909577736744e-07	nd
Wilpoe075	LTR	Unknown	507	150	131	44392	14.5767435573952	10.9	5.14792980717176	3.7	3.63617543701594	1.8	0.000448487209865514	nd
fAlbLTRK14	LTR	ERV2	578	2	2	111	12.9009009009009	16.1	9.03873873873875	3.5	1.82882882882883	3.5	1.12142008233628e-06	nd
CR1-J2_fAlb	LINE	CR1	398	468	463	67859	18.5839137034142	18.6	4.2673882609531	3.0	1.053393065032	0.1	0.000685571579885203	nd
Wilpoe029	LINE	CR1	1123	5748	5549	2835038	19.3032623901165	17.1	4.7651455112803	4.1	2.22207723494443	2	0.0286420589854638	nd
Wilpoe149	LINE	CR1	186	796	793	93833	7.29422378054673	5.8	2.88324256924624	0.7	1.69023691025641	1.1	0.000947983879151892	nd
TguERVL2a2_LTR-Lb_fAlb	LTR	ERV3	802	9	9	1464	24.748087431694	24.1	10.1200136612019	10.8	2.49296448087433	1.7	1.47906216264893e-05	nd
Wilpoe104	LTR	Unknown	439	192	188	79312	18.4708442606455	19	1.83771686503931	1.4	3.40371948759323	2.7	0.000801279906038333	nd
Wilpoe094	LTR	Unknown	346	578	418	108576	13.8401718611816	15.4	1.81954299292631	0.9	2.23079041408745	1.4	0.00109693069243012	nd
Wilpoe031	LTR	ERVL	593	1541	1489	556005	16.7388304062008	16.0	5.11076842833924	4.2	1.42532962833143	0.9	0.00561725380972417	nd
Wilpoe077	LTR	Unknown	2539	2113	1861	366706	20.5312953701325	24.6	5.0001696181655	3.2	3.2472372963634	2.8	0.00370478804246133	nd
Wilpoe098	LTR	Unknown	563	848	830	379370	11.9174882041286	10.5	3.31195982813544	2.6	3.31948862588007	2.5	0.00383273096068391	nd
Wilpoe108	LTR	Unknown	352	145	139	45832	11.2571587537085	10.4	2.32542764880484	1.1	4.01735468668203	1.4	0.000463035362285012	nd
TguLTRL4b-a_Ucy	LTR	ERV3	1115	819	738	470459	17.8408700864585	17.3	5.04886164362619	4.3	1.74272465825887	1.2	0.00475299252716976	nd
Wilpoe000	LTR	Unknown	507	990	950	411677	6.8910432207788	5.8	2.2055674715854	1.4	2.99144474916302	2.6	0.00415912482194552	nd
Wilpoe066	LTR	Unknown	501	232	223	89872	17.8019705803806	19.5	3.42015533202752	3.1	6.20706449172242	7.7	0.000907966357114649	nd
AviRTE_Tinamus_guttatus	LINE	RTE-BovB	3999	44	44	14856	11.7031435110376	11.8	3.66985729671564	2.4	0.434026655896693	0.1	0.000150088439127818	nd
TguLTR13e_Ucy	LTR	ERV1	439	4	4	882	25.1035147392291	24.4	5.26439909297054	5.6	6.08095238095238	5.5	8.91074335694232e-06	nd
Wilpoe113	LTR	Unknown	361	191	181	55624	19.1884761973255	22.1	3.40995793182818	2.9	4.7439486552568	4.7	0.000561962798737596	nd
Wilpoe082	LINE	CR1	612	1355	1303	171465	14.1058198466141	13.4	3.70823666637494	2.4	1.44634415186742	0.9	0.00173229094070081	nd
AviRTE_Wuchereria_bancrofti	LINE	RTE-BovB	3997	3	3	44	18.7772727272727	21.2	1.06818181818182	0	2.53181818181818	3.4	4.44526879484651e-07	nd
CR1-J3_fAlb	LINE	CR1	998	5609	5493	1551353	18.4464397851298	17.8	3.65326247475612	2.6	0.738718202755915	0.2	0.0156731388197535	nd
Wilpoe134	LTR	Unknown	777	1207	1045	224361	7.85995649867801	6.8	2.14609000673054	1.7	4.63935799893955	4.6	0.00226669307291036	nd
Wilpoe116	LTR	Unknown	590	243	233	87489	6.95335299294878	3.3	1.27234280881011	0.3	1.40775754666244	0.3	0.000883891185437105	nd
Wilpoe052	LTR	Unknown	903	945	691	381900	17.7140002618484	16.3	7.22080806494073	6.4	6.25147106572149	4.9	0.00385829125625428	nd
Wilpoe015	LTR	Unknown	1405	1124	783	530771	14.140164779158	13.9	5.30877195626822	4.6	5.06341435383173	4.8	0.00536231764433972	nd
TguERVL2a2_LTR_Ucy	LTR	ERV3	726	3	3	363	26.7625344352618	26.0	12.3446280991735	13.7	1.24820936639119	2.3	3.66734675574837e-06	nd
fAlbLTRK12b	LTR	ERV2	2771	10	6	707	23.3035360678924	26.3	3.39929278642153	0.0	1.8975954738331	0.0	7.14273872262837e-06	nd
Wilpoe063	LTR	Unknown	542	422	398	168388	8.9998574720238	8	3.41926443689698	2.4	1.26205846022335	0.4	0.00170120436778776	nd
TguLTRL1a6-L_fAlb	LTR	ERV3	1728	15	15	6223	27.6879640044983	30.4	7.06582034388534	1.8	8.05542342921403	6.5	6.28702447962042e-05	nd
Wilpoe102	SINE	AviRTE	299	4442	4416	1200418	7.49998258941297	7.8	1.17193877465971	0.7	1.25212517639005	1	0.0121276833549365	nd
Wilpoe092	Unknown	Unknown	2278	320	285	157791	10.9602714983722	9.2	2.10032131110254	1.5	2.09160471763232	1.2	0.00159414411001733	nd
AviRTE_Manacus_vitellinus	LINE	RTE-BovB	3991	80	80	1918	12.466110531804	11.1	1.25646506777894	0	1.06423357664233	0	1.93773307920809e-05	nd
fAlbLTR5	LTR	ERV1	616	78	78	7580	19.9933113456463	20.2	3.98370712401041	3.6	4.65302110817928	4.6	7.65798578748558e-05	nd
Wilpoe141	LTR	Unknown	570	391	378	106172	16.089030064422	15.8	5.72206702332024	5.7	7.00970783257166	6.8	0.00107264336019646	nd
TguLTRL3-L_Ucy	LTR	ERV3	605	2	2	162	18.6259259259259	17.2	8.61728395061728	6.5	4.19012345679011	5.4	1.63666714719349e-06	nd
Wilpoe021	LTR	Unknown	1394	1219	884	229336	11.5994431750718	7.7	1.33430904873115	0.3	0.632127969442608	0.1	0.002316954918943	nd
AviRTE_Buceros_rhinoceros	LINE	RTE-BovB	3997	11	11	806	20.7156327543426	17.1	3.80136476426801	5.6	1.46352357320099	0.3	8.14292420146884e-06	nd
Wilpoe088	LTR	ERVL	956	588	506	163909	16.3971618398008	16.0	5.18839111946157	4.5	4.88969672196478	3.6	0.00165595355203295	nd
Wilpoe009	LTR	Unknown	2080	175	164	99449	5.06320123882622	3.3	0.68688071272697	0.3	0.829789138151312	0.4	0.00100472167358793	nd
Wilpoe058	LINE	CR1	1142	4070	3990	1965539	13.3049871816251	11.8	3.06372735417806	2.3	0.71010333552334	0.4	0.0198576117767132	nd
Wilpoe124	LTR	Unknown	531	839	677	247564	16.0003312274772	16.8	5.11952747572542	4.3	6.0929921151741	5.1	0.00250111028165314	nd
Wilpoe044	LINE	Unknown	559	589	569	265287	13.0806895927849	11.7	2.80311247818327	2.3	3.70474128019915	3.6	0.00268016368813283	nd
Wilpoe150	LTR	Unknown	461	9471	8898	1181159	6.44518400993833	4.0	1.52366362191809	0.2	1.29991135825052	0.0	0.0119331119192093	nd
TguLTRK1a-Lb_Ucy	LTR	ERV2	1010	1	1	76	20.9	20.9	0	0	11.8	11.8	7.67819155473488e-07	nd
TguLTRL1b-L_fAlb	LTR	ERV3	557	1	1	63	25.4	25.4	11.1	11.1	0	0.0	6.36481668353023e-07	nd
AviRTE_Mesitornis_unicolor	LINE	RTE-BovB	3972	20	20	2206	13.2830915684494	12.1	3.44913871260194	1.4	1.00231187669992	0	2.22869612759805e-05	nd
TguSINE1_Ucy	SINE	SINE	147	3008	2987	286749	14.6170706785378	14.5	2.16151651793077	0.0	2.69226361730857	2.3	0.0028969917764851	nd
fAlbLTRK11	LTR	ERV2	569	1	1	33	9.4	9.4	0	0.0	3.1	3.1	3.33395159613488e-07	nd
Wilpoe048	LTR	Unknown	2793	472	409	275329	8.25901557772091	6.2	1.89294952584021	1.6	5.23165340374777	4.2	0.00278161684549158	nd
TguLTRL3c_fAlb	LTR	ERV3	598	1	1	35	11.4	11.4	2.9	2.9	0	0.0	3.53600926862791e-07	nd
TguLTRL4a-Lb_fAlb	LTR	ERV3	1434	33	33	7072	26.7572256787341	27.5	10.8166148190035	10.5	6.47174773755675	6.2	7.1447592993533e-05	nd
Wilpoe132	LTR	Unknown	218	133	132	26570	9.67084681972134	9.3	0.732928114414763	0.5	1.20888972525428	1	0.000268433617906981	nd
Wilpoe140	LTR	ERVK	6608	273	242	444405	4.90790585164332	2.4	0.638254520087839	0.3	0.634320270922951	0.3	0.0044897719972131	nd
CR1-E6_fAlb	LINE	CR1	221	4871	4839	577293	15.6499782606038	14.8	3.48311412055992	1.2	1.24599605399615	0.6	0.00583232399632574	nd
Wilpoe020	LTR	Unknown	2676	102	90	58830	8.92067312595852	7.9	2.51936936936967	2.3	7.78118986911695	7.4	0.000594352643638228	nd
Wilpoe084	Unknown	Unknown	3517	463	436	144147	11.7694929481668	9.8	1.50700118628891	0.8	3.22348435971568	2.4	0.00145630036584259	nd
fAlbLTR4	LTR	ERV1	517	887	729	248813	20.0951115898248	19.7	5.86235445897321	4.6	5.86382142412023	4.7	0.00251372878330033	nd
Wilpoe151	LTR	Unknown	611	85	83	36005	2.79626718511413	1.6	0.373120399944456	0.0	0.593892514928516	0.2	0.000363754324905565	nd
Wilpoe039	LTR	Unknown	604	855	821	392114	9.92089494382216	8.7	3.77698373432771	4.7	4.03721519763479	4.1	0.00396148210959647	nd
Wilpoe023	LINE	CR1	403	708	673	158457	9.37180623134509	9.2	3.25201221782539	2.1	1.94466953179647	1.4	0.00160087263051135	nd
Wilpoe143	LTR	Unknown	599	251	249	123744	9.94020073700427	7	0.980154997413493	0.2	0.827976305921418	0.2	0.00125017123124883	nd
CR1-J2a_Ucy	LINE	CR1	1179	5889	5774	1961479	19.7872710847204	19.1	4.15752781447569	3.3	1.03706330783962	0.6	0.0198165940691971	nd
Wilpoe072	LTR	Unknown	627	518	384	194103	14.5914972978234	11.4	2.89821074378015	2.2	4.52139225050753	2.4	0.00196100002019566	nd
TguERVK6a_LTR_Ucy	LTR	ERV2	759	2	2	99	18.9040404040404	23.1	1.99191919191919	2.9	3.09090909090909	4.5	1.00018547884047e-06	nd
Wilpoe087	Unknown	Unknown	1210	1025	1009	160154	10.1081821247016	8.6	2.05859859884908	0.9	7.02371717222091	6.1	0.00161801722402238	nd
CR1-J1a_fAlb	LINE	CR1	424	975	967	88358	16.0712906584587	16	4.19336902148093	2.3	1.74508929581965	1	0.000892670591306927	nd
fAlbLTRK1d	LTR	ERV2	577	1	1	134	21.9000000000001	21.9	2.19999999999999	2.2	18.1	18.1	1.35378640570326e-06	nd
CR1-X1a_Ucy	LINE	CR1	1453	645	635	210921	18.696715357886	17.1	4.4891822056592	3.8	1.03763684033372	0.5	0.00213091031699505	nd
Wilpoe057	Unknown	Unknown	341	57	57	11656	6.88286719286166	5	1.53084248455721	0.4	0.97540322580643	0	0.000117759211528934	nd
CR1-X1NA_Ucy	LINE	CR1	293	3547	3510	445062	15.0449267742482	14.6	3.24805263087013	1.5	0.992809541142776	0.4	0.0044964095917545	nd
Wilpoe125	LTR	Unknown	592	200	197	101520	14.5568981481512	13.8	2.34490642238097	1.9	3.18350472813313	2	0.00102564474557459	nd
TguERVL2a4_LTR-La_fAlb	LTR	ERV3	736	2	2	338	25.7044378698225	25.2	12.1375739644971	12	2.17899408284022	2.5	3.41477466513209e-06	nd
Wilpoe045	Unknown	Unknown	2025	15	15	9219	25.0648768846916	24.9	7.42269226597244	7.4	10.325881332029	7.9	9.31384841356591e-05	nd
TguLTR13c_fAlb	LTR	ERV1	505	7	7	1365	25.3516483516481	25.1	4.96827838827837	1.9	7.27758241758256	6.6	1.37904361476488e-05	nd
CR1-E5b_Ucy	LINE	CR1	853	9076	8962	3031674	17.9126297221	17.1	4.15354081606904	3.3	1.0512172812773	0.6	0.0306286496098807	nd
Wilpoe146	LTR	Unknown	571	141	139	22545	6.53168773563971	5.8	1.27012641383902	0.5	2.34708361055641	1.9	0.00022776951131776	nd
CR1-J1_Ucy	LINE	CR1	1079	4440	4389	1125902	19.3003980808345	18.8	5.18476501507022	4.3	0.957985064419459	0.4	0.011374856878762	nd
fAlbLTRK10	LTR	ERV2	438	1	1	50	15.3	15.3	0	0	8.69999999999999	8.7	5.05144181232558e-07	nd
Wilpoe026	LINE	RTE	4002	3062	2760	2948961	5.04392523331681	4.7	0.7110970948786	0.4	0.178488660920531	0.1	0.0297930097966349	nd
Wilpoe069	LTR	Unknown	612	165	149	82592	7.2376077586194	6.1	3.18412921348303	2.8	5.18688492832139	4.4	0.000834417364327189	nd
CR1-X3_Ucy	LINE	CR1	410	694	680	150623	19.7920443756971	19.4	4.60316618311866	3.8	1.10038108389811	0.6	0.00152172664019583	nd
Wilpoe012	LTR	ERVL	913	509	407	129931	19.8703996736724	20.2	7.30758248609041	6.1	4.6912276515995	3.8	0.00131267777223455	nd
Wilpoe156	LTR	Unknown	217	189	188	30266	4.36070838564722	4.2	0.467458534328935	0.5	1.21898499966975	1	0.000305773875783692	nd
TguLTR5a-a_Ucy	LTR	ERV3	581	838	764	201705	21.367287375124	21.4	6.34436330284342	5.2	5.15958900374491	4.3	0.00203780214151026	nd
TguLTRL4b-b_Ucy	LTR	ERV3	1117	574	527	219889	19.7775632250836	19.6	6.08745457935381	5.4	2.36803750983473	1.9	0.00222151297734092	nd
Wilpoe127	LTR	Unknown	1359	748	669	307150	9.93264138043795	8.1	1.31318378642343	0.4	2.66283965489235	1.5	0.0031031007053116	nd
Wilpoe047	Unknown	Unknown	1309	366	332	162483	11.9439270569811	11.1	4.42316550039064	3.3	2.781998732175	2.0	0.00164154683998419	nd
Wilpoe055	Unknown	Unknown	671	101	96	45920	5.41828397212507	3.4	1.14148083623673	0.1	1.2338654181184	0.1	0.000463924416043981	nd
Wilpoe085	LTR	Unknown	815	1051	795	399717	17.3895393490902	17.9	6.05366346690199	5.0	6.58534413097411	5.4	0.00403829433379469	nd
fAlbLTRK12a	LTR	ERV2	352	1	1	52	14.3	14.3	1.9	1.9	6	6	5.2534994848186e-07	nd
AviRTE_Oreotrochilus_melanogaster	LINE	RTE-BovB	3997	14	14	897	18.4317725752511	18.0	2.59420289855069	2.3	4.88216276477145	3.1	9.06228661131209e-06	nd
Wilpoe119	Unknown	Unknown	1020	269	268	71305	10.5412243180703	8.4	1.8048762358878	0.7	1.70248790407395	1.1	0.000720386116855751	nd
UcyLTRK2	LTR	ERV2	441	1	1	50	18	18	4	4	0	0	5.05144181232558e-07	nd
CR1-Z1_Ucy	LINE	CR1	508	1072	1037	315771	24.3173955176279	25.8	4.97931285646933	4.3	1.9967137577549	1.7	0.00319019766503972	nd
TguLTRL2a8-Le_fAlb	LTR	ERV3	248	1	1	29	19.7	19.7	7.8	7.8	1.2	1.2	2.92983625114884e-07	nd
Wilpoe153	Unknown	Unknown	2472	352	272	257859	6.80134414544419	5.1	1.04820153649952	0.5	2.21918529118641	1.4	0.00260511946856892	nd
Wilpoe157	LINE	CR1	168	1840	1812	256352	8.4012069342165	7.8	3.0821983054541	1.3	0.584161231432046	0	0.00258989442294657	nd
Wilpoe079	LINE	CR1	2196	567	542	194717	17.4676956814197	12.9	2.81924279852365	1.9	1.79656578521562	1.0	0.0019672031907412	nd
Wilpoe145	LTR	Unknown	409	761	757	247020	6.64901870292834	3	0.614691118127981	0	1.1452364181056	0.2	0.00249561431296133	nd
Wilpoe025	LINE	CR1	477	807	805	188490	17.3474587511315	16.2	3.7372396413615	2.6	1.24475834261769	0.7	0.0019042925344105	nd
TguLTR6a_fAlb	LTR	ERV3	457	150	127	24928	17.3917161424918	17.3	8.28497673299137	5.8	4.06018132220799	2.3	0.000251844682995304	nd
TguERVL2a2_LTR-Lc_fAlb	LTR	ERV3	800	3	3	214	25.3803738317757	24	5.70934579439254	7.2	3.42476635514017	1.4	2.16201709567535e-06	nd
TguLTR5a-b_Ucy	LTR	ERV3	573	2262	1964	748893	19.1619658616007	18.8	5.63405119289699	4.5	3.99965549150369	3.7	0.00756597882631588	nd
Wilpoe126	LTR	Unknown	321	62	59	15154	7.22991949320334	6.7	0.662907483172798	0	2.62625709383667	0.7	0.000153099098447964	nd
TguLTR5c_fAlb	LTR	ERV3	595	1016	932	347367	19.9133124332462	19.1	5.57227341687501	4.7	2.69801362823706	2.2	0.0035094083760442	nd
Wilpoe046	Unknown	Unknown	2729	29	24	21156	15.0052656456818	11.9	8.55028833428053	7.8	7.20419266402208	7.1	0.00021373660596312	nd
TguERVL2a2_LTR-L_Ucy	LTR	ERV3	1021	33	30	5078	23.3015557306024	22.6	8.40807404489967	7.8	4.79468294604185	4.1	5.13024430459786e-05	nd
CR1-X1d_Ucy	LINE	CR1	2932	2541	2350	1437080	19.503084031507	15.2	3.66612345868802	3	1.19105902246437	0.8	0.0145186519993137	nd
Wilpoe043	LTR	ERVL	1047	1537	1459	660008	16.5516437679553	15.8	6.77410273814699	6.5	3.74366401619509	3.8	0.00666798401533876	nd
UcyLTRK12	LTR	ERV2	527	1	1	38	7.9	7.9	5.3	5.3	0	0	3.83909577736744e-07	nd
Wilpoe123	LTR	Unknown	720	2060	1983	790541	5.44093943261638	5.0	0.870182191686463	0.3	0.384588908102229	0.1	0.00798674372351535	nd
CR1-E3_fAlb	LINE	CR1	446	6959	6854	1608327	14.1969333350779	14.1	3.881367097612	2.2	0.649181913878432	0.1	0.0162487405113843	nd
Wilpoe019	LTR	Unknown	1042	375	288	140411	12.5109806211751	11.0	1.96276502553289	1.1	5.26001310438401	5.9	0.00141855599262089	nd
UcyLTRK4	LTR	ERV2	528	1	1	36	8.3	8.3	8.3	8.3	0	0	3.63703810487442e-07	nd
CR1-E1_fAlb	LINE	CR1	445	1462	1437	227828	12.7346612356668	12.5	4.97579270326704	3.6	0.93300121144036	0.4	0.00230171977043702	nd
Wilpoe062	LTR	Unknown	589	406	297	126233	17.1989432240373	20.0	3.83825703263142	3.5	11.2576513273094	11.5	0.00127531730859059	nd
Wilpoe086	Unknown	Unknown	3031	410	371	211104	4.28252567455025	2.9	0.383028744126487	0.1	0.370683644080705	0.2	0.00213275914469836	nd
Wilpoe053	LTR	Unknown	839	272	240	114563	14.1658563410544	15.6	4.68642842802658	3.8	5.46822883479114	5.1	0.00115741665669091	nd
CR1-E2_fAlb	LINE	CR1	204	2615	2582	295330	12.3277753699235	12	4.79892391561969	2	0.824381200690972	0	0.00298368462086823	nd
Wilpoe112	LTR	Unknown	462	123	122	54337	11.4116844875499	12.7	2.36996153633766	2.0	3.15598395200213	3.2	0.00054896038751267	nd
Wilpoe083	LTR	ERV2	3511	1096	632	362684	8.21882630610033	5.7	1.40095758290846	0.8	4.97761412138354	3.6	0.00366415424452298	nd
CR1-YB1_Ucy	LINE	CR1	631	1232	1212	418468	22.8652642496099	22.4	5.10245610178244	4.3	1.84930866876298	1.4	0.00422773350464052	nd
Wilpoe056	LTR	ERV1	7857	530	336	649841	13.9215800480211	2.4	1.29913055655067	0.1	1.15402613869774	0.2	0.00656526799752694	nd
Wilpoe147	LTR	Unknown	886	753	721	157467	16.5846863152239	18.4	3.25308794858511	1.7	3.64255177275253	3.0	0.00159087077572294	nd
Wilpoe027	LTR	Unknown	1313	7748	5571	1217384	22.0108367614423	23	2.82078358186384	1.1	0.732310018856795	0.2	0.0122990888785123	nd
Wilpoe155	LTR	Unknown	423	150	149	59640	9.44631455399229	8.6	1.58276324614341	0.9	4.21017773306472	4.3	0.000602535979374195	nd
fAlbLTRK4	LTR	ERV2	374	1	1	33	12.1	12.1	0	0.0	0	0.0	3.33395159613488e-07	nd
Wilpoe144	LTR	ERVL	1452	668	635	155509	11.1143470795869	8.8	1.37289738857603	0.5	1.86701219865123	1.3	0.00157108932958588	nd
Wilpoe024	LINE	CR1	559	9075	8776	3129737	21.7629679107323	22.7	5.12517189142833	4.2	1.52820035677411	1.0	0.0316193686867648	nd
Wilpoe050	LINE	CR1	4027	17201	16767	9737984	9.58430424614308	7	1.23159737167137	0.3	0.420020160236936	0.1	0.098381719090715	nd
Tgu_rep3-L_Ucy	LTR	ERV3	996	514	407	76772	18.7464661595378	18.7	7.3620343354349	6.2	5.43014510498655	4.6	0.000775618581631719	nd
Wilpoe109	LTR	Unknown	549	540	531	240414	8.7643003319308	3.8	1.20588027319625	0.3	1.12795219912425	0.6	0.00242887466373688	nd
Wilpoe099	Unknown	Unknown	380	352	328	98398	8.64125693611749	7.7	3.27011931136784	1.8	4.1713815321449	3.7	0.000994103542898425	nd
CR1-E5_fAlb	LINE	CR1	333	9150	9089	1564219	15.5791282422733	15.2	3.16249156927464	1.4	0.985919235095372	0.3	0.0158031225204682	nd
TguLTRL2a8-Ld_fAlb	LTR	ERV3	1533	2	2	133	25.6157894736843	24.7	0	0.0	3.09248120300752	2.7	1.3436835220786e-06	nd
CR1-K4_fAlb	LINE	CR1	1107	483	481	37736	23.1171321814701	22.4	4.40895431418301	3.1	2.97440110239534	1.9	0.000381242416459836	nd
Wilpoe121	LINE	CR1	1007	4121	4072	1073862	13.0741795500741	12.7	3.1960277018831	2.2	0.665219180862424	0.3	0.0108491028149351	nd
Wilpoe041	LTR	Unknown	742	89	74	23532	8.28189274179982	7.1	4.75773839877639	4.1	8.95061618222024	8.5	0.000237741057455291	nd
TguERVK10a5_LTR_Ucy	LTR	ERV2	631	1	1	37	13.5	13.5	0	0.0	0	0.0	3.73806694112093e-07	nd
Wilpoe002	Unknown	Unknown	1752	293	287	83876	6.79556249701727	5.3	0.937377795793513	0.4	3.08402999666155	1.8	0.000847389466901241	nd
TguERVL2_I_Ucy	LTR	ERVL	5135	98	98	20137	27.0119580871033	28.6	3.88307592987981	2.4	1.43048616973729	0.6	0.0002034417675496	nd
Wilpoe080	LTR	Unknown	504	128	114	51813	9.49033447204421	6.6	2.41173836681906	1.7	1.44338872483719	0.2	0.000523460709244051	nd
TguLTRK3d_fAlb	LTR	ERV2	654	1	1	52	14	14	0	0	4	4	5.2534994848186e-07	nd
Wilpoe051	LTR	Unknown	455	419	399	155774	18.0001052807298	18	3.44812227971397	2.9	5.29696226584463	3.7	0.00157376659374641	nd
Wilpoe139	LTR	Unknown	335	199	192	49262	4.39857902643081	3.3	0.346890097844085	0	0.332400227355789	0.3	0.000497688253117565	nd
ManaSINE2_Manacus_vitellinus	SINE	RTE	484	274	273	5979	13.023615989296	12.8	2.18488041478493	1.8	1.31215922395051	0.0	6.04051411917893e-05	nd
fAlbLTR2	LTR	ERV1	492	377	321	90240	27.1211203457465	27.2	5.82202127659518	5.5	7.67124778368837	7.6	0.000911684218288521	nd
MeloSINE_Melopsittacus_undulatus	SINE	RTE	1544	108	106	17254	11.609250028979	12.3	1.89804103396326	0.5	0.86848267068507	0.1	0.000174315154059731	nd
AviRTE_Amazona_vittata	LINE	RTE-BovB	3998	3	3	111	11.7081081081081	6.7	2.55765765765766	0.0	3.0018018018018	0.0	1.12142008233628e-06	nd
Wilpoe081	LTR	ERVK	3671	159	141	248374	6.72399123901601	3.2	0.381457801541248	0	0.440823113530136	0.1	0.00250929361738911	nd
Wilpoe154	Unknown	Unknown	566	514	507	249455	7.36514160870447	7.3	1.71962398027805	1.2	2.98599987973733	3.0	0.00252021483458736	nd
AviRTE_Calypte_anna	LINE	RTE-BovB	3996	9	9	306	8.14836601307191	6.1	4.92156862745098	1.5	0.748692810457515	0	3.09148238914326e-06	nd
Wilpoe120	LTR	Unknown	574	830	815	388468	5.87231277737223	3.3	1.83727823141081	0.2	1.23097500952495	0.2	0.00392464699590099	nd
Wilpoe040	LTR	Unknown	388	2315	2285	793801	10.1389190741339	3.4	1.46625527053312	0.7	3.79641182108765	1.0	0.00801967912413172	nd
Wilpoe032	LTR	ERVL	594	1590	1490	501404	17.1662224473748	15.9	5.42137138913952	4.3	1.52570342478393	0.8	0.00506562626093459	nd
UcyLTRL3	LTR	ERV3	844	1	1	52	17.6	17.6	3.9	3.9	1.9	1.9	5.2534994848186e-07	nd
Wilpoe148	LTR	Unknown	333	438	430	129473	7.03909540985238	6.2	0.78348690460621	0.3	0.919961690855002	0.6	0.00130805065153446	nd
CR1L_fAlb	LINE	CR1	99	2026	2014	195826	23.70448714675	24	3.02443087230458	1.8	1.9967266859357	1.5	0.00197840728868094	nd
Wilpoe028	LTR	Unknown	625	2585	2495	1369285	5.16657503735286	4.3	0.68166481046754	0.3	1.80015190410709	0.8	0.0138337270039805	nd
fAlbLTRK13	LTR	ERV2	564	1	1	68	15.6	15.6	4.4	4.4	6	6	6.86996086476279e-07	nd
