			Million years bins:
Rname	Rclass	Rfam	[0;1[	[1;2[	[2;3[	[3;4[	[4;5[	[5;6[	[6;7[	[7;8[	[8;9[	[9;10[	[10;11[	[11;12[	[12;13[	[13;14[	[14;15[	[15;16[	[16;17[	[17;18[	[18;19[	[19;20[	[20;21[	[21;22[	[22;23[	[23;24[	[24;25[	[25;26[	[26;27[	[27;28[	[28;29[	[29;30[	[30;31[	[31;32[	[32;33[	[33;34[	[34;35[	[35;36[	[36;37[	[37;38[	[38;39[	[39;40[	[40;41[	[41;42[	[42;43[	[43;44[	[44;45[	[45;46[	[46;47[	[47;48[	[48;49[	[49;50[	[50;51[	[51;52[	[52;53[	[53;54[	[54;55[	[55;56[	[56;57[	[57;58[	[58;59[	[59;60[	[60;61[	[61;62[	[62;63[	[63;64[	[64;65[	[65;66[	[66;67[	[67;68[	[68;69[	[69;70[	[70;71[	[71;72[	[72;73[	[73;74[	[74;75[	[75;76[	[76;77[	[77;78[	[78;79[	[79;80[	[80;81[	[81;82[	[82;83[	[83;84[	[84;85[	[85;86[	[86;87[	[87;88[	[88;89[	[89;90[	[90;91[	[91;92[	[92;93[	[93;94[	[94;95[	[95;96[	[96;97[	[97;98[	[98;99[	[99;100[

fAlbLTRK12b	LTR	ERV2	0	0	0	0	0	0	0	0	34	0	0	0	0	34	0	0	0	55	0	0	0	0	0	0	0	0	0	0	0	0	55	57	0	0	90	0	0	0	0	95	0	0	0	109	72	106	0	0	0	0	0	0	0	0	0	0	0	0	0	0	0	0	0	0	0	0	0	0	0	0	0	0	0	0	0	0	0	0	0	0	0	0	0	0	0	0	0	0	0	0	0	0	0	0	0	0	0	0	0	0
Wilpoe074	LTR	ERVK	4455	35589	11397	8082	1383	15109	9637	8178	1278	685	719	234	1478	3450	2063	5475	1493	796	0	0	521	583	479	433	996	638	1027	2466	2245	1012	1037	2525	1306	677	1778	1558	870	265	1229	1149	1576	319	928	183	863	853	522	1663	5196	2621	5381	4154	3459	1752	670	219	219	660	220	438	0	0	0	0	0	0	0	0	0	0	0	0	0	0	0	0	0	0	0	0	0	0	0	0	0	0	0	0	0	0	0	0	0	0	0	0	0	0	0	0
Wilpoe001	LTR	Unknown	25	0	380	96	1921	4102	9414	9675	12463	9674	8441	7023	9439	4396	6564	7814	3371	7120	6463	2462	1531	1994	3233	1160	1590	5492	4112	4735	4023	2436	3023	3658	1493	1182	2272	1028	1142	894	441	242	691	0	94	253	0	0	0	0	0	0	0	0	0	0	0	0	0	0	0	0	0	0	0	0	0	0	0	0	0	0	0	0	0	0	0	0	0	0	0	0	0	0	0	0	0	0	0	0	0	0	0	0	0	0	0	0	0	0	0	0
AviRTE_Amazona_vittata	LINE	RTE-BovB	0	0	0	0	0	0	0	0	0	0	60	0	0	0	0	0	0	0	0	0	0	0	0	0	0	0	51	0	0	0	0	0	0	0	0	0	0	0	0	0	0	0	0	0	0	0	0	0	0	0	0	0	0	0	0	0	0	0	0	0	0	0	0	0	0	0	0	0	0	0	0	0	0	0	0	0	0	0	0	0	0	0	0	0	0	0	0	0	0	0	0	0	0	0	0	0	0	0	0	0
Wilpoe057	Unknown	Unknown	0	0	0	540	1126	1899	1350	2873	1188	747	0	538	0	0	0	0	0	0	0	0	0	0	0	132	0	0	123	25	0	20	149	16	0	16	0	20	273	0	0	228	229	116	0	0	0	0	0	0	0	0	0	0	0	0	0	0	0	0	0	0	0	0	0	0	0	0	0	0	0	0	0	0	0	0	0	0	0	0	0	0	0	0	0	0	0	0	0	0	0	0	0	0	0	0	0	0	0	0	0	0
TguERVL2_I-b_fAlb	LTR	ERV3	0	0	0	0	0	0	0	0	0	0	0	0	95	0	148	46	74	62	0	0	666	0	110	54	0	0	0	38	69	0	127	192	0	109	0	0	0	1	0	177	210	0	178	844	458	310	726	952	1013	166	479	34	467	475	160	0	0	518	0	0	0	0	0	0	0	0	0	0	0	0	0	0	0	0	0	0	0	0	0	0	0	0	0	0	0	0	0	0	0	0	0	0	0	0	0	0	0	0	0	0
Wilpoe106	LTR	Unknown	424	0	117	68	161	670	1632	6564	19402	33495	46746	46616	38732	27057	17143	13546	10831	11830	7585	7984	7139	3781	4908	861	2389	5309	5045	3405	4898	1929	2549	3874	4129	1948	3906	3889	3335	2673	1262	2093	11	502	731	337	0	0	0	0	0	0	0	0	0	0	0	0	0	0	0	0	0	0	0	0	0	0	0	0	0	0	0	0	0	0	0	0	0	0	0	0	0	0	0	0	0	0	0	0	0	0	0	0	0	0	0	0	0	0	0	0
Wilpoe071	LTR	ERVL	33	0	0	0	0	0	0	143	91	129	141	0	905	2026	1183	3295	11362	12745	11076	6861	9493	11404	11829	9469	5821	5340	2738	2692	2426	2131	527	1469	1529	449	207	831	416	616	196	357	15	384	76	0	0	0	0	0	0	0	0	0	0	0	0	0	0	0	0	0	0	0	0	0	0	0	0	0	0	0	0	0	0	0	0	0	0	0	0	0	0	0	0	0	0	0	0	0	0	0	0	0	0	0	0	0	0	0	0	0
Wilpoe090	Unknown	Unknown	107	983	6210	25314	20793	4985	2572	1101	1848	8755	8678	27993	24383	11342	8664	3507	5345	2220	9824	3105	6160	3785	5589	5527	3282	1606	1931	1740	3070	1342	2748	1420	1000	1924	1251	1864	2008	3318	1730	518	1113	179	262	461	175	126	0	161	0	0	0	0	0	0	0	0	0	0	0	0	0	0	0	0	0	0	0	0	0	0	0	0	0	0	0	0	0	0	0	0	0	0	0	0	0	0	0	0	0	0	0	0	0	0	0	0	0	0	0	0
Wilpoe067	LTR	ERVL	2824	12099	11496	10858	22429	25332	2014	15017	4396	9056	14442	9857	14086	7944	6963	4990	1758	2111	5052	1725	138	1139	543	2690	2711	2140	1344	1063	290	1060	1230	1291	3702	1305	5969	2308	2536	3444	1421	0	491	69	278	292	313	276	106	601	4082	2884	1331	2153	1303	906	119	329	1133	1224	506	498	0	0	1722	740	0	0	0	0	0	0	0	0	0	0	0	0	0	0	0	0	0	0	0	0	0	0	0	0	0	0	0	0	0	0	0	0	0	0	0	0
Wilpoe051	LTR	Unknown	0	0	0	0	0	0	455	917	450	1385	2145	2234	3663	2567	1541	1656	2753	3091	2371	2919	2159	2891	4417	6840	11050	7154	13317	7578	9556	7686	5628	6372	6123	4733	3012	3779	6992	4141	5184	2629	1504	1019	1525	560	1022	969	0	0	307	0	0	0	0	0	0	0	0	0	0	0	0	0	0	0	0	0	0	0	0	0	0	0	0	0	0	0	0	0	0	0	0	0	0	0	0	0	0	0	0	0	0	0	0	0	0	0	0	0	0	0
Wilpoe153	Unknown	Unknown	964	295	17393	26889	15037	26381	13441	42494	9881	18014	7173	3562	2483	3502	4887	12685	6554	12341	2757	8674	966	4211	4491	4896	2224	2001	2067	647	86	0	103	776	90	54	66	332	79	0	97	0	250	151	306	97	128	713	0	0	0	26	0	0	443	0	0	0	0	0	0	0	0	0	0	0	0	0	0	0	0	0	0	0	0	0	0	0	0	0	0	0	0	0	0	0	0	0	0	0	0	0	0	0	0	0	0	0	0	0	0	0
Wilpoe156	LTR	Unknown	285	0	1442	1944	6009	4683	4332	4749	2229	1486	1546	771	293	141	63	0	0	0	0	7	0	0	0	0	0	0	0	0	0	0	0	0	0	0	0	0	0	0	0	0	0	0	0	0	0	0	0	0	0	0	0	0	0	0	0	0	0	0	0	0	0	0	0	0	0	0	0	0	0	0	0	0	0	0	0	0	0	0	0	0	0	0	0	0	0	0	0	0	0	0	0	0	0	0	0	0	0	0	0	0
UcyLTRL4	LTR	ERV3	0	0	0	0	0	0	0	0	0	0	0	0	61	0	0	0	0	0	0	0	0	95	55	136	71	240	428	180	318	1138	1381	2964	5008	5977	5141	9991	8018	9661	14947	9734	13446	11498	14404	7686	4219	4171	1883	2203	974	513	826	292	202	255	395	0	0	0	0	0	0	0	0	0	0	0	0	0	0	0	0	0	0	0	0	0	0	0	0	0	0	0	0	0	0	0	0	0	0	0	0	0	0	0	0	0	0	0	0	0
Wilpoe050	LINE	CR1	7693	396749	850946	481880	494605	459816	481401	572855	539477	414187	392877	445407	570830	460548	255138	176634	155702	156607	154277	153172	166013	136966	112602	108461	85876	74498	56648	67867	44653	52538	41128	19713	25880	22394	15875	27532	26050	37009	47096	63169	83730	78826	72625	66647	74301	91944	68317	66685	70659	95535	99426	111036	87495	65451	49291	29826	15111	12362	7858	4670	1061	641	371	0	0	0	0	0	0	0	0	0	0	0	0	0	0	0	0	0	0	0	0	0	0	0	0	0	0	0	0	0	0	0	0	0	0	0	0	0
AviRTE_Buceros_rhinoceros	LINE	RTE-BovB	0	0	0	0	0	0	0	0	0	0	0	0	0	0	0	0	6	0	0	0	48	5	0	83	0	369	6	0	0	0	13	0	0	0	0	0	89	0	0	0	0	0	0	0	0	0	126	0	0	0	0	0	0	0	0	0	0	0	0	0	0	0	0	0	0	0	0	0	0	0	0	0	0	0	0	0	0	0	0	0	0	0	0	0	0	0	0	0	0	0	0	0	0	0	0	0	0	0	0	0
fAlbLTR4	LTR	ERV1	0	0	0	0	0	84	0	82	34	0	0	92	50	111	52	284	495	648	1231	3569	3575	3971	7888	9845	14354	11421	14635	15712	18679	19706	14382	14691	12992	11914	13750	10490	7246	9598	7068	5584	3006	3308	2029	2968	1177	760	665	0	476	0	0	0	0	0	0	0	0	0	0	0	0	0	0	0	0	0	0	0	0	0	0	0	0	0	0	0	0	0	0	0	0	0	0	0	0	0	0	0	0	0	0	0	0	0	0	0	0	0	0	0
Wilpoe094	LTR	Unknown	3211	17252	10627	8151	2608	3746	1214	1821	349	0	0	286	0	0	0	554	332	277	430	480	652	737	666	1404	1375	757	1947	2072	2282	1988	2201	1492	1722	1789	1238	1631	2179	2693	2332	2825	2758	3012	3633	4087	2669	2190	1959	451	1232	212	647	385	0	0	0	0	0	0	0	0	0	0	0	0	0	0	0	0	0	0	0	0	0	0	0	0	0	0	0	0	0	0	0	0	0	0	0	0	0	0	0	0	0	0	0	0	0	0	0	0
Wilpoe017	LTR	Unknown	0	317	1763	3569	18579	58098	56626	73590	42209	44151	9877	14537	11612	3312	1572	508	2438	2684	1148	3059	1294	1612	1373	756	832	128	369	4106	1448	1856	1446	1029	2745	2922	1662	784	146	0	0	0	52	69	0	0	0	0	0	0	0	0	0	0	0	0	0	0	0	0	0	0	0	0	0	0	0	0	0	0	0	0	0	0	0	0	0	0	0	0	0	0	0	0	0	0	0	0	0	0	0	0	0	0	0	0	0	0	0	0	0	0
Wilpoe009	LTR	Unknown	41	700	5472	26271	19865	16796	4576	5796	1561	797	0	902	0	261	134	0	0	0	0	0	44	5	0	99	0	191	15	150	545	1324	513	69	97	10	71	28	421	27	334	847	135	480	178	1470	493	13	108	0	97	0	0	0	0	0	0	0	0	0	0	0	0	0	0	0	0	0	0	0	0	0	0	0	0	0	0	0	0	0	0	0	0	0	0	0	0	0	0	0	0	0	0	0	0	0	0	0	0	0	0	0
Wilpoe143	LTR	Unknown	29	83	0	47	150	1700	6358	9843	18811	14031	16264	12455	1581	2808	2374	3602	4847	2396	1262	157	0	0	36	0	0	0	0	0	674	1211	4327	3636	4265	4269	1248	2649	2414	750	474	107	0	0	0	0	0	0	0	0	0	0	0	0	0	0	0	0	0	0	0	0	0	0	0	0	0	0	0	0	0	0	0	0	0	0	0	0	0	0	0	0	0	0	0	0	0	0	0	0	0	0	0	0	0	0	0	0	0	0	0	0
Wilpoe010	LTR	Unknown	91	90	205	381	108	258	1145	2995	14337	23031	24649	27670	19638	11722	11560	12184	12094	15793	16865	17191	13692	13848	11979	8612	7745	11949	18533	22732	24865	32921	33242	24011	24731	17763	11734	4769	6513	5016	2285	1842	142	246	65	0	0	0	0	0	0	0	0	0	0	0	0	0	0	0	0	0	0	0	0	0	0	0	0	0	0	0	0	0	0	0	0	0	0	0	0	0	0	0	0	0	0	0	0	0	0	0	0	0	0	0	0	0	0	0	0	0
Wilpoe033	LTR	ERVL	26	0	0	0	63	26	120	40	209	1197	1361	2105	5743	12106	16360	33000	53082	61400	65673	61062	66821	47779	42716	35809	16063	10060	10160	8985	7425	3574	2502	2244	2902	2412	1387	4412	2521	4944	3035	2483	1863	1447	1744	740	402	475	502	358	169	74	0	0	0	0	0	0	0	0	0	0	0	0	0	0	0	0	0	0	0	0	0	0	0	0	0	0	0	0	0	0	0	0	0	0	0	0	0	0	0	0	0	0	0	0	0	0	0	0	0	0
Wilpoe047	Unknown	Unknown	0	0	52	0	0	0	502	6884	5349	5361	8761	13446	6160	13100	6186	10819	4956	3779	2922	6643	6112	5861	6670	10065	9485	9162	6631	4791	3344	2564	969	434	579	428	485	459	146	148	22	100	0	0	118	0	0	0	0	0	0	0	0	0	0	0	0	0	0	0	0	0	0	0	0	0	0	0	0	0	0	0	0	0	0	0	0	0	0	0	0	0	0	0	0	0	0	0	0	0	0	0	0	0	0	0	0	0	0	0	0	0
Wilpoe132	LTR	Unknown	0	0	0	41	0	0	0	0	435	1692	1843	2726	3106	3398	1429	1516	3420	2051	1720	1508	860	390	0	98	0	38	0	20	44	0	0	0	0	0	0	0	0	0	0	0	0	0	0	0	0	0	0	0	0	0	0	0	0	0	0	0	0	0	0	0	0	0	0	0	0	0	0	0	0	0	0	0	0	0	0	0	0	0	0	0	0	0	0	0	0	0	0	0	0	0	0	0	0	0	0	0	0	0	0	0
Wilpoe098	LTR	Unknown	133	0	0	351	200	364	2080	6173	14369	15924	22410	25114	29669	30843	25711	19693	23274	20570	13018	13777	10875	10668	8994	7218	8436	7733	4995	4391	2945	3846	3222	2459	6722	5839	5621	3015	6053	1858	611	1246	494	0	700	456	53	0	0	0	0	0	0	0	0	0	0	0	0	0	0	0	0	0	0	0	0	0	0	0	0	0	0	0	0	0	0	0	0	0	0	0	0	0	0	0	0	0	0	0	0	0	0	0	0	0	0	0	0	0	0	0
Wilpoe042	LTR	Unknown	1358	5629	34374	111420	167436	149201	74958	20975	16987	9181	8246	5913	3920	1055	0	0	0	0	0	0	0	0	57	0	0	0	0	0	0	56	21	14	0	0	0	0	0	0	0	0	0	11	0	0	86	0	0	0	0	0	0	0	0	0	0	0	0	0	0	0	0	0	0	0	0	0	0	0	0	0	0	0	0	0	0	0	0	0	0	0	0	0	0	0	0	0	0	0	0	0	0	0	0	0	0	0	0	0	0	0
Wilpoe060	LTR	ERVL	0	0	0	0	0	0	0	0	168	196	0	1144	899	5143	6068	12403	10691	14162	14412	11510	10019	4949	2984	7800	3253	2355	512	2562	1586	2242	931	976	740	257	220	582	198	260	78	120	177	226	194	0	0	0	0	0	0	0	0	0	0	0	0	0	0	0	0	0	0	0	0	0	0	0	0	0	0	0	0	0	0	0	0	0	0	0	0	0	0	0	0	0	0	0	0	0	0	0	0	0	0	0	0	0	0	0	0	0
BuceSINE_Buceros_rhinoceros	SINE	RTE	0	0	0	0	29	0	0	41	0	32	159	0	47	98	363	185	205	355	354	581	126	211	284	54	269	346	264	177	193	50	383	46	35	58	27	10	26	0	0	10	0	0	0	0	0	0	0	0	0	0	0	0	0	0	0	0	0	0	0	0	0	0	0	0	0	0	0	0	0	0	0	0	0	0	0	0	0	0	0	0	0	0	0	0	0	0	0	0	0	0	0	0	0	0	0	0	0	0	0	0
Wilpoe091	LTR	ERVK	57858	168774	63277	21602	4656	2375	2023	14162	12280	18726	11414	414	12265	2035	683	3909	43	35	0	76	14	460	22	112	273	2699	2004	4431	70	788	85	1972	77	68	597	334	301	4596	877	2649	2556	4817	4686	7395	13325	11092	19888	39787	30376	38527	27400	27572	27493	12241	8971	4908	8766	6724	855	0	381	0	0	0	0	0	0	0	0	0	0	0	0	0	0	0	0	0	0	0	0	0	0	0	0	0	0	0	0	0	0	0	0	0	0	0	0	0	0	0
AviRTE_Loa_loa	LINE	RTE-BovB	0	0	0	0	0	0	0	0	0	0	0	0	0	0	12	0	0	0	0	0	0	0	0	0	0	36	88	0	111	0	0	0	0	64	0	0	62	0	0	0	0	0	0	0	0	0	0	0	0	0	0	0	0	0	0	0	0	0	0	0	0	0	0	0	0	0	0	0	0	0	0	0	0	0	0	0	0	0	0	0	0	0	0	0	0	0	0	0	0	0	0	0	0	0	0	0	0	0	0	0
TguLTRK3d_fAlb	LTR	ERV2	0	0	0	0	0	0	0	0	0	0	0	0	0	0	0	0	0	0	0	0	0	52	0	0	0	0	0	0	0	0	0	0	0	0	0	0	0	0	0	0	0	0	0	0	0	0	0	0	0	0	0	0	0	0	0	0	0	0	0	0	0	0	0	0	0	0	0	0	0	0	0	0	0	0	0	0	0	0	0	0	0	0	0	0	0	0	0	0	0	0	0	0	0	0	0	0	0	0	0	0
UcyLTRK12	LTR	ERV2	0	0	0	0	0	0	0	0	0	0	0	38	0	0	0	0	0	0	0	0	0	0	0	0	0	0	0	0	0	0	0	0	0	0	0	0	0	0	0	0	0	0	0	0	0	0	0	0	0	0	0	0	0	0	0	0	0	0	0	0	0	0	0	0	0	0	0	0	0	0	0	0	0	0	0	0	0	0	0	0	0	0	0	0	0	0	0	0	0	0	0	0	0	0	0	0	0	0	0	0
TguLTRL4c_fAlb	LTR	ERV3	0	0	0	0	0	0	0	40	55	0	72	59	0	149	335	40	236	265	188	601	587	461	761	2429	2459	6669	9794	15796	23101	35461	50137	40486	42962	28712	21469	25190	13740	12250	11371	6228	7064	5296	8914	4851	2484	2436	2052	704	616	235	483	192	0	15	0	79	0	0	0	0	0	0	0	0	0	0	0	0	0	0	0	0	0	0	0	0	0	0	0	0	0	0	0	0	0	0	0	0	0	0	0	0	0	0	0	0	0	0	0	0
Wilpoe007	LINE	CR1	0	97	797	19372	29687	26451	16058	28111	33742	22979	19035	20870	17958	13080	8250	10523	3045	8169	8636	4842	8832	11764	15726	10680	2477	10034	9085	5449	3395	4016	9233	3610	10415	10497	11243	9335	14861	15008	13748	15025	18212	30127	26589	39006	36489	39626	46150	46431	39207	39324	49247	45751	40033	33199	34527	12901	9509	5125	3663	809	738	610	309	0	0	0	0	0	0	0	0	0	0	0	0	0	0	0	0	0	0	0	0	0	0	0	0	0	0	0	0	0	0	0	0	0	0	0	0	0
CR1-J2b_Ucy	LINE	CR1	0	0	51	219	171	109	312	462	370	571	1748	1684	3607	3287	5296	6795	8711	12133	21283	28590	49032	72035	100031	158913	191722	242282	232605	236967	206168	175833	124344	101315	92761	47091	49096	31118	24793	18053	14309	8018	6706	2956	4541	7453	5477	6275	4333	9031	10361	12607	10835	10576	4817	6012	4766	3180	1762	1087	795	1799	0	0	305	0	0	0	0	0	0	0	0	0	0	0	0	0	0	0	0	0	0	0	0	0	0	0	0	0	0	0	0	0	0	0	0	0	0	0	0	0
MeloSINE_Melopsittacus_undulatus	SINE	RTE	0	1652	1005	1599	804	1352	50	842	288	262	75	0	0	0	7	6	231	70	446	0	347	378	2184	18	462	7	22	27	7	879	80	156	531	774	402	221	0	59	381	0	265	0	381	0	0	0	97	120	88	0	0	0	0	0	0	0	0	0	0	0	0	0	0	0	0	0	0	0	0	0	0	0	0	0	0	0	0	0	0	0	0	0	0	0	0	0	0	0	0	0	0	0	0	0	0	0	0	0	0	0
AviRTE_Mesitornis_unicolor	LINE	RTE-BovB	0	0	0	0	0	0	0	0	0	0	0	38	58	187	0	339	0	126	421	5	331	0	294	0	157	77	0	10	0	0	69	62	0	39	0	0	0	0	63	0	0	0	0	0	0	0	0	0	0	0	0	0	0	0	0	0	0	0	0	0	0	0	0	0	0	0	0	0	0	0	0	0	0	0	0	0	0	0	0	0	0	0	0	0	0	0	0	0	0	0	0	0	0	0	0	0	0	0	0	0
Wilpoe129	LINE	CR1	676	1399	5205	10120	14393	28650	35751	34315	23078	19962	10790	8011	3169	5471	3964	1405	2129	951	1564	639	790	69	400	1137	328	18	231	164	364	637	107	693	431	677	540	916	85	264	287	251	229	518	175	164	312	149	124	378	137	3	57	0	0	0	7	0	0	0	0	0	0	0	0	0	0	0	0	0	0	0	0	0	0	0	0	0	0	0	0	0	0	0	0	0	0	0	0	0	0	0	0	0	0	0	0	0	0	0	0	0
fAlbLTRK13	LTR	ERV2	0	0	0	0	0	0	0	0	0	0	0	0	0	0	0	0	0	0	0	0	0	0	0	68	0	0	0	0	0	0	0	0	0	0	0	0	0	0	0	0	0	0	0	0	0	0	0	0	0	0	0	0	0	0	0	0	0	0	0	0	0	0	0	0	0	0	0	0	0	0	0	0	0	0	0	0	0	0	0	0	0	0	0	0	0	0	0	0	0	0	0	0	0	0	0	0	0	0	0	0
Wilpoe116	LTR	Unknown	1306	14508	16629	6330	5278	5162	1836	525	2573	1686	674	116	2405	1046	1211	240	297	156	265	944	1197	590	906	2933	6880	2466	3740	3139	1492	535	1209	140	222	378	123	194	103	143	1	173	154	83	0	0	111	0	0	0	0	0	0	0	0	0	0	0	0	0	0	0	0	0	0	0	0	0	0	0	0	0	0	0	0	0	0	0	0	0	0	0	0	0	0	0	0	0	0	0	0	0	0	0	0	0	0	0	0	0	0	0
Wilpoe056	LTR	ERV1	218395	58631	31439	46311	9917	12353	4166	0	58	0	638	0	0	0	0	14	0	0	84	164	0	0	390	75	310	132	310	62	486	310	55	0	2615	14824	1665	668	318	733	18608	102	7898	508	1392	3298	2304	2403	4075	8255	4712	13003	44832	26562	35089	27644	21060	6550	5291	7348	1433	1053	512	374	328	0	0	0	0	0	0	0	0	0	0	0	0	0	0	0	0	0	0	0	0	0	0	0	0	0	0	0	0	0	0	0	0	0	0	0	0	0
Wilpoe079	LINE	CR1	7	4882	38331	13520	9442	4486	3903	2950	3212	1558	243	1861	1455	1296	939	517	2637	0	283	4692	466	104	251	146	468	255	505	317	516	1144	948	429	599	643	1391	349	737	1251	1364	972	2758	1612	2560	3272	2137	2790	4346	4524	4803	6430	6548	8413	4977	6968	6307	3389	1978	3522	1114	0	1159	0	0	0	0	0	0	0	0	0	0	0	0	0	0	0	0	0	0	0	0	0	0	0	0	0	0	0	0	0	0	0	0	0	0	0	0	0	0	0
fAlbLTR3b	LTR	ERV1	0	0	0	0	0	0	0	0	0	0	0	0	0	0	0	0	0	0	0	0	0	0	0	0	0	0	0	0	0	0	0	69	0	0	0	0	0	0	0	0	0	0	0	0	0	0	0	0	0	0	0	0	0	0	0	0	0	0	0	0	0	0	0	0	0	0	0	0	0	0	0	0	0	0	0	0	0	0	0	0	0	0	0	0	0	0	0	0	0	0	0	0	0	0	0	0	0	0	0	0
Wilpoe134	LTR	Unknown	1527	173	604	2853	12919	14024	19361	18336	15153	19571	28341	26958	11352	9190	3428	1524	1659	2156	2101	1138	2429	2714	1947	3622	2091	1943	3049	2519	2526	1752	1741	1753	1086	1040	490	754	240	242	231	60	133	0	101	33	0	0	0	0	0	0	0	0	0	0	0	0	0	0	0	0	0	0	0	0	0	0	0	0	0	0	0	0	0	0	0	0	0	0	0	0	0	0	0	0	0	0	0	0	0	0	0	0	0	0	0	0	0	0	0	0
Wilpoe121	LINE	CR1	134	0	171	354	558	668	1320	2303	4141	7961	11836	23521	40195	65520	79591	68831	80860	79445	72427	68740	69480	63818	72907	58439	41605	40330	33243	26250	12239	13755	6408	7665	2668	4036	2815	3604	4343	4418	2919	2593	989	1176	4167	1832	1239	1213	1460	835	456	624	275	123	317	33	47	32	0	0	0	0	0	0	0	0	0	0	0	0	0	0	0	0	0	0	0	0	0	0	0	0	0	0	0	0	0	0	0	0	0	0	0	0	0	0	0	0	0	0	0	0
CR1-X1a_Ucy	LINE	CR1	0	0	0	38	0	0	0	0	221	347	98	360	914	1130	2175	954	3256	2016	4588	4736	11464	12259	16675	20945	13317	15809	9990	14231	12377	6905	5222	5962	4596	2065	2592	561	1812	1454	1102	2824	3081	1691	1269	2397	2121	2277	4397	6619	5715	4007	2106	2195	1669	2495	2487	400	427	221	756	259	0	0	124	0	0	0	0	0	0	0	0	0	0	0	0	0	0	0	0	0	0	0	0	0	0	0	0	0	0	0	0	0	0	0	0	0	0	0	0	0
TguERVL2a3_LTR_Ucy	LTR	ERV3	0	0	0	0	0	0	0	0	0	0	0	0	0	0	0	0	0	0	0	0	0	0	0	0	0	0	96	0	0	0	0	0	0	55	0	0	0	0	0	0	0	0	0	23	0	0	0	0	0	0	0	0	0	0	0	0	0	0	0	0	0	0	0	0	0	0	0	0	0	0	0	0	0	0	0	0	0	0	0	0	0	0	0	0	0	0	0	0	0	0	0	0	0	0	0	0	0	0	0	0
UcyLTRK2	LTR	ERV2	0	0	0	0	0	0	0	0	0	0	0	0	0	0	0	0	0	0	0	0	0	0	0	0	0	0	0	50	0	0	0	0	0	0	0	0	0	0	0	0	0	0	0	0	0	0	0	0	0	0	0	0	0	0	0	0	0	0	0	0	0	0	0	0	0	0	0	0	0	0	0	0	0	0	0	0	0	0	0	0	0	0	0	0	0	0	0	0	0	0	0	0	0	0	0	0	0	0	0	0
Wilpoe019	LTR	Unknown	0	0	0	0	652	1437	667	3499	1642	20223	11428	8553	6721	6035	3612	2295	7410	2339	4304	4327	2907	2285	5109	5523	6872	5967	3912	3213	3673	1085	701	792	244	1057	141	1288	1079	965	2127	1557	1754	1352	1295	735	745	388	0	0	314	0	0	178	0	0	92	0	0	0	0	0	0	0	0	0	0	0	0	0	0	0	0	0	0	0	0	0	0	0	0	0	0	0	0	0	0	0	0	0	0	0	0	0	0	0	0	0	0	0	0	0
Wilpoe070	LTR	Unknown	68521	73931	87647	5494	0	220	6105	8225	376	932	0	150	0	237	61	571	1008	575	406	3207	7005	442	2484	2676	749	390	226	592	563	61	100	14	1685	268	0	1399	624	342	2837	2090	3085	2665	661	2118	2006	2304	2238	6057	4538	3628	1617	200	474	2049	661	778	191	191	0	191	329	0	0	0	0	0	0	0	0	0	0	0	0	0	0	0	0	0	0	0	0	0	0	0	0	0	0	0	0	0	0	0	0	0	0	0	0	0	0	0
Wilpoe120	LTR	Unknown	1482	1471	30525	96273	58956	36286	31744	11382	3111	952	899	1231	4083	3756	7910	9632	8745	9918	6202	9999	11317	10931	5474	5968	6438	3804	3277	1030	519	0	581	373	445	523	0	0	0	124	122	0	4	0	1	94	0	0	0	0	0	0	0	0	0	0	0	0	0	0	0	0	0	0	0	0	0	0	0	0	0	0	0	0	0	0	0	0	0	0	0	0	0	0	0	0	0	0	0	0	0	0	0	0	0	0	0	0	0	0	0	0
TguERVL2a2_LTR-La_fAlb	LTR	ERV3	0	0	0	0	0	0	0	0	0	0	0	0	0	0	0	0	0	0	0	0	0	0	0	0	0	0	46	0	0	0	61	0	0	85	53	0	0	142	0	0	0	0	0	0	0	0	0	0	0	0	0	0	0	0	0	0	0	0	0	0	0	0	0	0	0	0	0	0	0	0	0	0	0	0	0	0	0	0	0	0	0	0	0	0	0	0	0	0	0	0	0	0	0	0	0	0	0	0	0	0
Wilpoe076	Unknown	Unknown	2084	23608	261914	223179	74003	35793	3617	4291	3726	9342	1715	3921	2572	16362	22551	9555	12111	26057	39384	8595	7850	3258	6834	2076	10014	13087	1598	2801	3048	3279	7244	6292	3915	6555	4363	8428	6497	7118	7963	6218	3908	3775	4215	4533	3396	457	1860	1014	357	234	445	1053	0	0	83	0	0	0	0	0	0	0	0	0	0	0	0	0	0	0	0	0	0	0	0	0	0	0	0	0	0	0	0	0	0	0	0	0	0	0	0	0	0	0	0	0	0	0	0	0
CR1-E1_Ucy	LINE	CR1	192	0	271	90	97	79	1280	1903	1424	4497	7290	21489	35351	52611	69312	92425	97730	96406	95258	92307	84141	75129	62505	50844	32235	22980	23550	13755	10854	8800	4677	3393	2444	1675	1290	1527	525	684	194	627	355	379	450	243	211	310	469	391	367	241	116	2	74	19	16	43	0	0	0	0	0	0	0	0	0	0	0	0	0	0	0	0	0	0	0	0	0	0	0	0	0	0	0	0	0	0	0	0	0	0	0	0	0	0	0	0	0	0	0	0
AviRTE_Melopsittacus_undulatus	LINE	RTE-BovB	0	0	0	0	0	0	0	0	0	0	0	0	0	44	0	0	0	0	0	10	0	5	75	41	119	5	66	0	0	4	0	24	0	59	0	0	27	0	0	0	0	0	0	0	0	0	0	0	0	0	0	0	0	0	0	0	0	0	0	0	0	0	0	0	0	0	0	0	0	0	0	0	0	0	0	0	0	0	0	0	0	0	0	0	0	0	0	0	0	0	0	0	0	0	0	0	0	0	0	0
Wilpoe069	LTR	Unknown	27	0	0	39	2697	2629	8512	10592	14313	12454	7781	4126	2080	412	773	1780	943	0	2666	3686	1134	1928	0	1174	1822	0	0	620	0	0	0	0	0	0	0	0	114	0	0	13	9	0	86	0	0	0	0	0	0	0	0	0	0	0	0	0	0	0	0	0	0	0	0	0	0	0	0	0	0	0	0	0	0	0	0	0	0	0	0	0	0	0	0	0	0	0	0	0	0	0	0	0	0	0	0	0	0	0	0	0
TguLTRL4b-b_Ucy	LTR	ERV3	0	0	0	0	0	0	0	0	0	0	0	0	139	316	216	234	713	1721	1145	808	2514	2103	3433	4941	7289	20900	10949	17053	23302	22207	15292	18213	15009	9727	6131	4027	3712	1630	2212	1421	2581	2794	624	1357	899	863	156	880	180	40	0	98	22	199	0	0	0	0	0	0	0	0	0	0	0	0	0	0	0	0	0	0	0	0	0	0	0	0	0	0	0	0	0	0	0	0	0	0	0	0	0	0	0	0	0	0	0	0	0	0
Wilpoe127	LTR	Unknown	888	309	3336	14794	31088	22551	9350	9680	10224	9235	13876	18595	15008	12018	6421	8258	12019	21478	13421	6167	1792	4377	2041	1239	1034	1348	1835	681	2783	2998	3716	2809	7273	7120	5145	7500	3153	3872	1534	378	780	616	254	498	126	233	0	0	0	0	0	0	0	0	0	0	0	0	0	0	0	0	0	0	0	0	0	0	0	0	0	0	0	0	0	0	0	0	0	0	0	0	0	0	0	0	0	0	0	0	0	0	0	0	0	0	0	0	0	0
AviRTE_Gymnopithys_rufigula	LINE	RTE-BovB	0	0	1254	1672	200	1795	5232	8936	6815	9145	8140	11427	12266	7230	6507	4256	2664	471	811	1986	389	142	10	39	305	72	99	0	0	0	0	21	0	0	0	68	0	0	0	0	0	0	0	0	0	0	0	0	0	0	0	0	0	0	0	0	0	0	0	0	0	0	0	0	0	0	0	0	0	0	0	0	0	0	0	0	0	0	0	0	0	0	0	0	0	0	0	0	0	0	0	0	0	0	0	0	0	0	0	0
CR1-X1d_Ucy	LINE	CR1	34	0	0	0	132	194	70	275	295	206	301	934	881	1652	8046	13121	19718	62409	113642	117020	151247	155081	87880	56130	39930	41260	40055	23971	25845	19625	14497	6648	7980	7636	4527	4231	6336	9745	9225	3824	12978	15028	14958	9994	12844	20794	18802	25026	27367	33367	40869	39531	50552	38479	39305	21101	20398	12125	5483	5580	782	486	864	0	0	37	0	0	0	0	0	0	0	0	0	0	0	0	0	0	0	0	0	0	0	0	0	0	0	0	0	0	0	0	0	0	0	0	0	0
Wilpoe000	LTR	Unknown	317	258	433	1808	8515	20794	51089	65944	72197	56151	35743	30301	16198	14118	6543	5652	2962	325	537	64	0	45	108	0	0	46	156	572	29	13	308	194	264	367	1383	1253	1138	1843	2211	2258	1733	2548	903	1697	1580	97	0	0	241	0	236	0	0	0	0	0	0	0	0	0	0	0	0	0	0	0	0	0	0	0	0	0	0	0	0	0	0	0	0	0	0	0	0	0	0	0	0	0	0	0	0	0	0	0	0	0	0	0	0	0
Wilpoe077	LTR	Unknown	1204	2427	3526	2584	1405	2692	16803	18521	14707	11508	5101	121	249	2522	0	2292	200	1341	267	43	198	1043	3801	4940	4089	1140	1604	4800	3374	4116	1897	2305	5292	12590	15378	8509	14525	16323	21907	23176	22522	24235	10756	13851	10850	10065	9303	8461	2535	4660	1846	972	419	200	366	0	0	0	0	0	0	0	0	0	0	0	0	0	0	0	0	0	0	0	0	0	0	0	0	0	0	0	0	0	0	0	0	0	0	0	0	0	0	0	0	0	0	0	0	0
Wilpoe016	LINE	Unknown	3499	20862	51399	52851	70299	38036	28555	19838	11470	6952	3539	5127	5583	3642	2953	3055	3197	3418	1582	861	2289	1138	1333	1256	1890	772	77	465	159	0	13	0	738	53	33	37	327	149	0	516	0	165	124	49	124	244	0	0	195	0	0	0	0	0	0	0	0	0	0	0	0	0	0	0	0	0	0	0	0	0	0	0	0	0	0	0	0	0	0	0	0	0	0	0	0	0	0	0	0	0	0	0	0	0	0	0	0	0	0	0
fAlbLTR3a	LTR	ERV1	0	0	0	0	0	0	0	0	0	0	0	0	0	0	0	0	0	0	0	0	0	0	0	0	0	0	0	0	0	0	0	0	0	0	0	0	0	0	0	70	0	0	0	0	0	0	0	0	0	0	0	0	0	0	0	0	0	0	0	0	0	0	0	0	0	0	0	0	0	0	0	0	0	0	0	0	0	0	0	0	0	0	0	0	0	0	0	0	0	0	0	0	0	0	0	0	0	0	0	0
Wilpoe061	LTR	Unknown	233	0	0	391	576	605	732	3696	10765	31150	82286	179393	266641	262055	247156	170067	103894	66263	67412	48582	55443	61522	50997	30865	24743	16609	7592	4286	4051	99	724	58	31	0	0	0	0	0	0	61	52	0	0	0	74	0	0	0	0	0	0	0	0	0	0	0	0	0	0	0	0	0	0	0	0	0	0	0	0	0	0	0	0	0	0	0	0	0	0	0	0	0	0	0	0	0	0	0	0	0	0	0	0	0	0	0	0	0	0	0
Wilpoe135	LINE	CR1	21131	115923	428390	573902	424194	271787	175666	107090	54940	35626	26712	18356	11424	11996	12366	8876	11574	9335	14036	12113	12516	14033	6030	5947	6209	4532	3310	2468	1158	1198	629	1481	186	806	416	320	429	220	381	621	352	381	640	394	216	676	303	190	333	329	387	240	242	114	0	37	0	106	0	0	217	0	0	0	0	0	0	0	0	0	0	0	0	0	0	0	0	0	0	0	0	0	0	0	0	0	0	0	0	0	0	0	0	0	0	0	0	0	0	0
CR1-E5b_Ucy	LINE	CR1	58	0	0	238	222	471	332	432	1128	1690	2759	3857	8040	14058	16430	26010	43720	55373	91608	125616	152955	167202	197124	220325	219960	189178	180386	169302	165540	143369	130564	120460	108574	83591	72517	52583	43202	34303	27652	19022	10515	9173	7929	7716	7343	7564	11078	15686	14190	16639	14948	14247	16456	8132	9271	5179	3294	3289	1158	836	388	0	0	0	0	0	0	0	0	0	0	0	0	0	0	0	0	0	0	0	0	0	0	0	0	0	0	0	0	0	0	0	0	0	0	0	0	0	0	0
Wilpoe048	LTR	Unknown	0	219	3596	2923	6539	9092	27969	22748	53364	61439	35181	23530	5309	4959	110	1598	700	1085	2874	1786	3985	7239	5288	6018	2511	2451	700	3219	2149	2056	2818	3490	4518	2058	1156	1766	2249	443	225	601	502	1911	0	0	0	0	122	0	0	0	0	0	0	0	0	0	0	0	0	0	0	0	0	0	0	0	0	0	0	0	0	0	0	0	0	0	0	0	0	0	0	0	0	0	0	0	0	0	0	0	0	0	0	0	0	0	0	0	0	0
Wilpoe011	LTR	ERVL	33507	58299	31107	4766	68795	28306	16292	13674	5413	19001	5559	2543	2602	2865	1436	2465	56	2942	4988	4829	1481	1432	9016	1673	1125	94	506	3658	554	1994	1658	4436	7223	3696	2198	9349	1497	806	3676	282	2010	451	2792	4869	4425	2552	3358	4243	826	2187	366	852	737	4421	2958	2857	2147	1581	220	1175	334	0	87	0	0	0	0	0	0	0	0	0	0	0	0	0	0	0	0	0	0	0	0	0	0	0	0	0	0	0	0	0	0	0	0	0	0	0	0	0
TguERVK10a5_LTR_Ucy	LTR	ERV2	0	0	0	0	0	0	0	0	0	0	0	0	0	0	0	0	0	0	0	0	37	0	0	0	0	0	0	0	0	0	0	0	0	0	0	0	0	0	0	0	0	0	0	0	0	0	0	0	0	0	0	0	0	0	0	0	0	0	0	0	0	0	0	0	0	0	0	0	0	0	0	0	0	0	0	0	0	0	0	0	0	0	0	0	0	0	0	0	0	0	0	0	0	0	0	0	0	0	0	0
Wilpoe138	LTR	Unknown	805	1235	7001	3657	7344	2899	3407	3376	3265	3310	597	0	258	575	319	1110	0	0	0	0	0	0	0	0	0	0	0	0	0	1298	1485	1025	2248	1262	822	986	1118	984	2524	1017	439	345	504	0	0	0	0	0	0	0	0	0	0	0	0	0	0	0	0	0	0	0	0	0	0	0	0	0	0	0	0	0	0	0	0	0	0	0	0	0	0	0	0	0	0	0	0	0	0	0	0	0	0	0	0	0	0	0	0	0
TguLTRL2a8-Ld_fAlb	LTR	ERV3	0	0	0	0	0	0	0	0	0	0	0	0	0	0	0	0	0	0	0	0	0	0	0	0	0	0	0	0	0	0	0	0	0	0	0	0	0	75	0	0	58	0	0	0	0	0	0	0	0	0	0	0	0	0	0	0	0	0	0	0	0	0	0	0	0	0	0	0	0	0	0	0	0	0	0	0	0	0	0	0	0	0	0	0	0	0	0	0	0	0	0	0	0	0	0	0	0	0	0	0
CR1-M1_Ucy	LINE	CR1	0	0	0	40	0	0	97	43	238	0	74	478	215	478	1123	1224	1200	1795	2282	2003	3021	2983	4204	4931	5118	6273	7983	8058	7288	9387	10093	10694	8578	8848	8707	9555	9712	8221	10684	12976	15230	15544	19266	15535	20525	18367	20154	22445	19642	22449	28149	18974	22244	15021	12917	8447	5036	4465	933	1271	199	0	0	0	272	0	0	0	0	0	0	0	0	0	0	0	0	0	0	0	0	0	0	0	0	0	0	0	0	0	0	0	0	0	0	0	0	0	0	0
Wilpoe137	LTR	ERVL	440	0	173	89	5454	6060	7735	7960	2275	6022	3005	3487	361	1015	2483	1880	619	1481	3894	1780	5760	5483	5074	4996	7172	2784	4968	7062	6531	6543	6879	4451	3268	2758	1613	1821	1146	450	1485	717	934	926	13	213	501	109	0	10	0	170	0	0	0	0	0	0	0	0	0	0	0	0	0	0	0	0	0	0	0	0	0	0	0	0	0	0	0	0	0	0	0	0	0	0	0	0	0	0	0	0	0	0	0	0	0	0	0	0	0	0
ManaSINE1_Zimmerius_chrysops	SINE	RTE	0	0	0	0	0	0	0	0	0	0	0	0	0	0	0	0	0	0	0	0	0	15	0	0	18	0	0	14	51	9	20	0	0	0	0	0	0	0	0	0	0	0	0	0	0	0	0	0	0	0	0	0	0	0	0	0	0	0	0	0	0	0	0	0	0	0	0	0	0	0	0	0	0	0	0	0	0	0	0	0	0	0	0	0	0	0	0	0	0	0	0	0	0	0	0	0	0	0	0	0
Wilpoe130	LTR	Unknown	259	0	0	90	253	27	823	3264	4044	9220	17179	13689	17318	15450	8534	11202	7385	4894	4891	1716	1181	1418	2068	947	995	2450	517	1050	621	558	2759	1486	1985	6456	4010	2955	5564	2269	2279	1156	964	0	548	37	23	0	32	0	0	0	0	0	0	0	0	0	0	0	0	0	0	0	0	0	0	0	0	0	0	0	0	0	0	0	0	0	0	0	0	0	0	0	0	0	0	0	0	0	0	0	0	0	0	0	0	0	0	0	0	0
TguERVL2b1_LTR-La_fAlb	LTR	ERV3	0	0	0	0	0	0	0	0	0	0	0	0	0	0	0	0	0	0	0	0	0	0	0	0	0	0	0	0	0	17	0	0	0	0	0	0	0	0	0	0	0	0	0	0	0	0	0	0	0	0	0	0	0	0	0	0	0	0	0	0	0	0	0	0	0	0	0	0	0	0	0	0	0	0	0	0	0	0	0	0	0	0	0	0	0	0	0	0	0	0	0	0	0	0	0	0	0	0	0	0
Wilpoe040	LTR	Unknown	6859	23563	64798	163060	113878	67321	10859	5679	6351	9350	8108	10541	8875	10386	8112	6776	3449	3411	2053	4107	2547	2132	2514	803	1576	5281	4737	6833	6134	5033	6899	7374	7541	9285	13332	15136	18732	22427	23933	18378	21088	17039	10642	9766	9460	4988	1444	112	985	339	0	0	0	0	0	0	0	0	0	0	0	0	0	0	0	0	0	0	0	0	0	0	0	0	0	0	0	0	0	0	0	0	0	0	0	0	0	0	0	0	0	0	0	0	0	0	0	0	0	0
Wilpoe131	LINE	CR1	536	164	725	2388	2029	3971	5432	10932	21264	32791	41554	43006	52747	56240	54885	50048	41715	41758	31492	28072	25855	20798	17155	10770	9121	4312	3947	2608	1848	1465	1121	1107	660	891	1108	439	433	349	263	148	252	399	435	411	183	263	245	206	203	115	0	76	0	10	0	0	0	0	0	0	0	0	0	0	0	0	0	0	0	0	0	0	0	0	0	0	0	0	0	0	0	0	0	0	0	0	0	0	0	0	0	0	0	0	0	0	0	0	0	0
Wilpoe065	LTR	Unknown	0	0	0	600	592	1914	3034	5287	5582	6388	5819	6531	5353	5285	4490	1282	812	271	631	0	0	0	188	136	0	0	0	317	176	103	564	58	852	413	614	666	1525	1278	628	1028	770	262	590	0	830	0	0	0	0	0	0	0	0	0	0	0	0	0	0	0	0	0	0	0	0	0	0	0	0	0	0	0	0	0	0	0	0	0	0	0	0	0	0	0	0	0	0	0	0	0	0	0	0	0	0	0	0	0	0	0
GymnSINE_Gymnopithys_rufigula	SINE	RTE	0	0	0	0	0	0	0	0	93	287	101	133	0	241	209	294	697	418	1250	879	759	2786	743	780	543	126	31	381	11	149	80	0	34	71	29	67	0	0	0	0	23	0	0	0	0	0	0	0	0	0	0	0	0	0	0	0	0	0	0	0	0	0	0	0	0	0	0	0	0	0	0	0	0	0	0	0	0	0	0	0	0	0	0	0	0	0	0	0	0	0	0	0	0	0	0	0	0	0	0	0
TguERV1_LTR1b_Ucy	LTR	ERV1	0	0	0	0	0	0	0	0	0	0	0	0	0	0	0	0	0	0	0	0	0	0	0	0	0	0	0	0	0	0	0	0	0	0	0	0	0	0	0	16	0	0	0	0	0	0	0	0	0	0	0	0	0	0	0	0	0	0	0	0	0	0	0	0	0	0	0	0	0	0	0	0	0	0	0	0	0	0	0	0	0	0	0	0	0	0	0	0	0	0	0	0	0	0	0	0	0	0	0	0
CR1-E2_Ucy	LINE	CR1	152	0	73	432	336	165	1189	1125	2417	4776	16012	36508	49400	76368	96043	102545	92195	81223	73027	74561	57488	47492	38863	36548	25687	20166	12334	10581	7987	7678	4090	2860	2496	1473	1427	1513	1315	254	342	405	251	598	160	250	319	89	77	36	226	346	147	320	33	20	35	0	0	0	0	0	0	0	0	0	0	0	0	0	0	0	0	0	0	0	0	0	0	0	0	0	0	0	0	0	0	0	0	0	0	0	0	0	0	0	0	0	0	0	0	0
Wilpoe073	LTR	ERV1	0	0	0	0	0	0	44	0	0	107	842	1229	953	5464	3370	4971	5007	9953	8717	8749	10296	6678	7531	4108	8398	5599	3969	4967	3958	3930	3273	4194	4700	2478	4913	2962	3317	2482	2323	2600	2475	2567	2946	1051	287	0	931	0	0	229	0	0	0	225	0	0	0	0	0	0	0	0	0	0	0	0	0	0	0	0	0	0	0	0	0	0	0	0	0	0	0	0	0	0	0	0	0	0	0	0	0	0	0	0	0	0	0	0	0	0
Wilpoe124	LTR	Unknown	206	0	119	133	383	306	990	4709	7682	10068	13496	13054	12041	13881	10243	10202	5847	1631	4461	2336	2304	428	1583	842	2407	7899	861	4743	4952	6722	7733	9034	8803	9437	9656	8659	7744	8026	7746	6005	5110	2032	2848	3550	1111	781	1780	589	305	0	5	210	247	0	0	0	0	0	0	0	0	0	0	0	0	0	0	0	0	0	0	0	0	0	0	0	0	0	0	0	0	0	0	0	0	0	0	0	0	0	0	0	0	0	0	0	0	0	0	0
Wilpoe008	LTR	Unknown	128	1098	4150	32712	32516	61349	48415	29629	26625	6412	6315	5508	5734	4586	3926	8871	13488	9836	17027	6241	3698	2821	4414	9724	6579	3776	2324	2729	8904	7621	13253	11024	12916	9468	5297	4058	4819	2844	3134	0	812	0	27	0	0	0	0	0	0	76	0	0	0	0	0	0	0	0	0	0	0	0	0	0	0	0	0	0	0	0	0	0	0	0	0	0	0	0	0	0	0	0	0	0	0	0	0	0	0	0	0	0	0	0	0	0	0	0	0	0
CR1-E5a_Ucy	LINE	CR1	31	0	0	127	228	175	92	229	760	192	1262	1111	1930	3116	3612	6626	6002	11401	15483	23860	34703	48730	77135	78376	97878	116736	92148	84664	81132	70640	70875	64780	54231	66737	79159	75844	49888	60752	45873	50222	49756	39183	32919	37089	24084	25041	26646	20700	30790	34673	38836	35436	34933	32657	34963	15522	25922	15061	8448	6227	3353	2455	1106	141	0	0	0	0	0	0	0	0	0	0	0	0	0	0	0	0	0	0	0	0	0	0	0	0	0	0	0	0	0	0	0	0	0	0	0	0
Wilpoe059	LTR	ERVK	42	0	4392	4820	49761	15404	4649	2645	3887	2870	7177	5072	3852	5768	156	53	162	611	150	453	111	94	288	143	26	52	2543	76	178	63	48	343	235	563	0	1251	376	527	229	496	2585	3302	1586	1103	2344	1669	2768	5509	3060	1254	3449	2152	1576	891	750	0	202	0	0	0	171	0	47	0	0	0	0	0	0	0	0	0	0	0	0	0	0	0	0	0	0	0	0	0	0	0	0	0	0	0	0	0	0	0	0	0	0	0	0	0
Wilpoe122	LINE	CR1	12	0	53	462	556	683	2820	4847	9340	15582	20457	28051	34352	36778	34377	35966	35370	35179	30118	26395	20886	14110	13028	12447	8287	8174	6234	5005	3585	4013	1366	1295	1335	1618	535	1207	746	744	1001	366	503	821	64	158	196	300	381	284	284	81	43	25	0	0	0	0	0	0	0	0	0	0	0	0	0	0	0	0	0	0	0	0	0	0	0	0	0	0	0	0	0	0	0	0	0	0	0	0	0	0	0	0	0	0	0	0	0	0	0	0
AviRTE_Apaloderma_vittatum	LINE	RTE-BovB	0	0	0	0	0	0	0	325	273	346	0	0	189	122	1924	5834	1858	5546	2195	8218	3184	1060	625	718	481	18	0	0	0	0	59	0	0	0	196	0	0	0	0	0	0	0	0	0	0	0	0	0	0	0	0	0	0	0	0	0	0	0	0	0	0	0	0	0	0	0	0	0	0	0	0	0	0	0	0	0	0	0	0	0	0	0	0	0	0	0	0	0	0	0	0	0	0	0	0	0	0	0	0	0
Wilpoe004	LTR	Unknown	47	0	826	1124	1391	9322	26969	52598	65729	58972	57636	47507	41599	23510	24077	17776	28683	23154	22767	20635	21133	14287	10098	18168	15192	13093	9069	11649	6652	8950	8280	4584	6723	1915	1971	2273	2064	152	393	70	621	782	266	28	0	1	106	0	0	0	0	0	0	0	0	0	0	0	0	0	0	0	0	0	0	0	0	0	0	0	0	0	0	0	0	0	0	0	0	0	0	0	0	0	0	0	0	0	0	0	0	0	0	0	0	0	0	0	0	0
TguLTR5c_fAlb	LTR	ERV3	0	0	0	0	33	0	0	114	156	113	171	427	410	780	157	322	109	769	1299	493	4022	4350	8953	12659	19923	28346	27707	31904	30798	25635	22435	17116	17324	12043	9057	11632	7969	8153	7739	8042	5067	5028	3436	4185	581	1696	1070	780	83	972	270	520	0	119	0	0	0	0	0	0	0	0	0	0	0	0	0	0	0	0	0	0	0	0	0	0	0	0	0	0	0	0	0	0	0	0	0	0	0	0	0	0	0	0	0	0	0	0	0	0
TguLTR13c_fAlb	LTR	ERV1	0	0	0	0	0	0	0	0	0	0	0	0	0	0	0	0	0	0	0	0	0	0	0	0	0	0	0	0	0	0	0	200	0	0	0	0	0	375	222	0	0	207	0	0	0	165	0	0	0	0	0	0	0	0	0	0	0	0	0	0	0	0	0	0	0	0	0	0	0	0	0	0	0	0	0	0	0	0	0	0	0	0	0	0	0	0	0	0	0	0	0	0	0	0	0	0	0	0	0	0
TguERVL2a2_LTR-Lc_fAlb	LTR	ERV3	0	0	0	0	0	0	0	0	0	0	0	0	0	0	0	0	0	0	0	0	0	0	0	0	0	0	0	0	0	0	0	0	0	0	0	120	0	16	0	0	0	13	0	0	49	0	0	0	0	0	0	0	0	0	0	0	0	0	0	0	0	0	0	0	0	0	0	0	0	0	0	0	0	0	0	0	0	0	0	0	0	0	0	0	0	0	0	0	0	0	0	0	0	0	0	0	0	0	0	0
Wilpoe078	LTR	Unknown	0	0	0	0	0	0	50	82	756	2326	7970	6770	14974	9509	5365	6301	7585	9114	5596	4926	9850	4668	4304	1963	2082	1366	1747	1089	484	1332	570	130	260	865	104	628	0	605	0	0	0	0	0	0	0	0	0	0	0	0	0	0	0	0	0	0	0	0	0	0	0	0	0	0	0	0	0	0	0	0	0	0	0	0	0	0	0	0	0	0	0	0	0	0	0	0	0	0	0	0	0	0	0	0	0	0	0	0	0	0
Wilpoe023	LINE	CR1	34	362	122	1145	4549	11797	12710	19107	12821	11967	8366	8951	5810	7959	5148	4459	3646	5195	4176	2364	1768	1215	2269	844	1180	454	157	528	111	94	428	455	99	81	119	218	107	161	169	195	293	612	396	353	162	171	325	267	103	81	163	179	56	0	0	14	0	37	0	0	0	0	0	0	0	0	0	0	0	0	0	0	0	0	0	0	0	0	0	0	0	0	0	0	0	0	0	0	0	0	0	0	0	0	0	0	0	0	0	0
Wilpoe095	SINE	RTE	219	0	880	6275	26191	95432	145580	156713	196715	188995	153131	144883	93586	64811	38389	21763	14384	7654	5560	2262	1435	1887	502	612	854	448	596	391	234	0	42	220	153	69	140	0	0	73	0	0	0	0	0	82	0	0	0	0	0	0	0	0	0	0	0	0	0	0	0	0	0	0	0	0	0	0	0	0	0	0	0	0	0	0	0	0	0	0	0	0	0	0	0	0	0	0	0	0	0	0	0	0	0	0	0	0	0	0	0	0
CR1-J2a_Ucy	LINE	CR1	0	0	0	0	103	59	190	264	335	292	348	717	816	1613	1382	2933	4684	6165	11111	12485	18812	31621	48424	79123	107524	152764	185378	178781	176829	168003	141173	124352	82056	59977	54725	45651	33035	33942	18058	16510	11588	11273	8087	9132	11766	9127	15685	14266	14997	11389	13884	13699	9996	7434	7219	5863	979	1024	783	277	217	0	416	0	0	0	43	0	0	0	0	0	0	0	0	0	0	0	0	0	0	0	0	0	0	0	0	0	0	0	0	0	0	0	0	0	0	0	0	0
Wilpoe002	Unknown	Unknown	0	0	176	383	592	4747	11687	21944	9930	3286	2062	2215	5832	3522	5553	1981	2118	96	702	17	24	100	535	112	18	75	512	172	114	354	371	0	864	592	203	0	302	95	0	79	0	0	0	0	0	0	0	0	0	0	0	0	0	0	0	0	0	0	0	0	0	0	0	0	0	0	0	0	0	0	0	0	0	0	0	0	0	0	0	0	0	0	0	0	0	0	0	0	0	0	0	0	0	0	0	0	0	0	0	0
ManaSINE2_Manacus_vitellinus	SINE	RTE	0	0	0	0	0	0	0	0	0	47	0	446	307	318	803	126	650	250	65	820	541	214	509	180	397	317	125	367	276	90	245	278	175	72	78	34	0	8	0	0	0	0	0	0	0	0	0	0	0	0	0	0	0	0	0	0	0	0	0	0	0	0	0	0	0	0	0	0	0	0	0	0	0	0	0	0	0	0	0	0	0	0	0	0	0	0	0	0	0	0	0	0	0	0	0	0	0	0	0	0
AviRTE_Manacus_vitellinus	LINE	RTE-BovB	33	0	0	0	34	0	46	0	37	79	29	0	132	89	134	190	163	59	64	78	5	0	118	26	74	36	23	57	47	45	0	98	0	0	0	0	0	0	0	0	9	0	0	0	0	0	0	0	0	0	0	0	0	0	0	0	0	0	0	0	0	0	0	0	0	0	0	0	0	0	0	0	0	0	0	0	0	0	0	0	0	0	0	0	0	0	0	0	0	0	0	0	0	0	0	0	0	0	0	0
fAlbLTRL3	LTR	ERV3	0	0	0	0	0	0	0	0	0	0	0	0	0	0	0	0	0	0	0	0	0	0	0	0	0	0	0	0	0	41	0	0	0	0	0	0	0	0	0	0	0	0	0	0	0	0	0	0	0	0	0	0	0	0	0	0	0	0	0	0	0	0	0	0	0	0	0	0	0	0	0	0	0	0	0	0	0	0	0	0	0	0	0	0	0	0	0	0	0	0	0	0	0	0	0	0	0	0	0	0
UcyLTR1	LTR	ERV1	0	0	0	0	0	0	0	0	0	0	0	0	0	0	68	0	0	0	0	0	0	0	82	161	27	68	280	82	219	66	81	75	190	21	521	356	154	192	103	231	0	26	0	0	0	0	0	0	0	0	0	0	0	0	0	0	0	0	0	0	0	0	0	0	0	0	0	0	0	0	0	0	0	0	0	0	0	0	0	0	0	0	0	0	0	0	0	0	0	0	0	0	0	0	0	0	0	0	0	0
Wilpoe012	LTR	ERVL	0	0	0	0	0	0	0	198	235	31	865	562	215	882	1351	460	2442	1792	640	360	2262	1118	830	1320	4019	2698	6265	9071	7628	11547	9375	11872	9454	6900	6334	5100	5244	3823	3782	2769	1814	1286	626	335	113	105	0	0	0	0	0	0	0	0	0	0	0	0	0	0	0	0	0	0	0	0	0	0	0	0	0	0	0	0	0	0	0	0	0	0	0	0	0	0	0	0	0	0	0	0	0	0	0	0	0	0	0	0	0	0
Wilpoe015	LTR	Unknown	25	0	162	43	391	337	227	2338	5746	6366	17295	31545	37962	22091	24615	22885	23722	16531	16050	20070	18735	22735	20681	18794	27969	21948	20003	14452	17592	12890	15822	19393	14948	12638	8914	6286	4413	3733	1131	1825	899	398	704	34	148	0	0	274	0	0	0	0	0	0	0	0	0	0	0	0	0	0	0	0	0	0	0	0	0	0	0	0	0	0	0	0	0	0	0	0	0	0	0	0	0	0	0	0	0	0	0	0	0	0	0	0	0	0	0	0
Wilpoe062	LTR	Unknown	0	535	604	1183	4690	4457	4703	3497	774	1459	1389	724	1437	1174	301	212	215	1443	772	926	96	768	708	1116	2690	2910	4142	3515	6567	8030	10461	9626	8856	11269	8658	4374	2481	3928	2010	1077	1082	331	378	562	108	0	0	0	0	0	0	0	0	0	0	0	0	0	0	0	0	0	0	0	0	0	0	0	0	0	0	0	0	0	0	0	0	0	0	0	0	0	0	0	0	0	0	0	0	0	0	0	0	0	0	0	0	0	0	0
Wilpoe113	LTR	Unknown	0	0	0	0	64	720	1801	2494	1423	0	723	339	357	416	0	865	358	1041	933	2062	0	1611	1061	561	0	558	25	100	31	724	964	2630	1474	2400	4721	2548	5849	4119	3198	3553	2516	974	0	770	101	64	125	6	2	5	15	0	0	0	0	0	0	0	0	0	0	0	0	0	0	0	0	0	0	0	0	0	0	0	0	0	0	0	0	0	0	0	0	0	0	0	0	0	0	0	0	0	0	0	0	0	0	0	0	0
AviRTE_Oreotrochilus_melanogaster	LINE	RTE-BovB	0	0	0	0	5	0	0	0	0	0	0	0	0	0	197	0	47	0	0	51	0	88	0	0	12	0	0	121	0	0	22	65	0	0	0	0	64	96	0	0	0	0	0	0	0	0	0	129	0	0	0	0	0	0	0	0	0	0	0	0	0	0	0	0	0	0	0	0	0	0	0	0	0	0	0	0	0	0	0	0	0	0	0	0	0	0	0	0	0	0	0	0	0	0	0	0	0	0	0	0
CR1-Z1_Ucy	LINE	CR1	32	0	0	41	105	59	122	0	163	113	159	245	0	502	842	1295	1354	2263	4658	5784	7787	10031	12753	11503	17034	12682	11800	11565	6754	4310	4939	4512	2416	2289	2491	2121	3022	1926	6094	2813	7225	7878	11926	11623	9185	9551	10935	10513	9617	6172	2922	2377	1967	888	1298	527	677	364	661	191	0	0	0	0	0	0	0	0	0	0	0	0	0	0	0	0	0	0	0	0	0	0	0	0	0	0	0	0	0	0	0	0	0	0	0	0	0	0	0	0
fAlbLTR1	LTR	ERV1	0	0	0	0	0	0	0	0	0	0	0	0	0	0	0	0	0	0	0	0	0	0	40	0	0	0	0	0	0	0	0	0	0	0	0	0	0	0	0	0	0	0	0	0	0	0	0	0	0	0	0	0	0	0	0	0	0	0	0	0	0	0	0	0	0	0	0	0	0	0	0	0	0	0	0	0	0	0	0	0	0	0	0	0	0	0	0	0	0	0	0	0	0	0	0	0	0	0	0	0
CR1-X1b_Ucy	LINE	CR1	107	0	52	94	192	168	161	315	384	271	424	562	465	912	1260	313	1264	906	1421	1809	2092	2655	2401	3193	3769	3622	5993	5115	5607	2896	1739	3936	1331	1734	1384	563	1748	1005	1975	2096	2172	1043	864	1624	573	1471	928	532	729	648	501	480	255	2	73	19	0	59	0	0	0	0	0	0	0	0	0	0	0	0	0	0	0	0	0	0	0	0	0	0	0	0	0	0	0	0	0	0	0	0	0	0	0	0	0	0	0	0	0	0
Wilpoe125	LTR	Unknown	44	0	0	0	38	204	1375	627	854	3004	7217	7068	6120	2758	3081	2126	1294	2950	1752	4097	6488	4221	1365	2957	1189	696	3893	307	1869	2608	4588	5822	6295	4748	3533	3402	1138	558	153	144	0	149	0	0	0	149	0	0	0	0	0	0	0	0	0	0	0	0	0	0	0	0	0	0	0	0	0	0	0	0	0	0	0	0	0	0	0	0	0	0	0	0	0	0	0	0	0	0	0	0	0	0	0	0	0	0	0	0	0	0
Wilpoe103	LTR	ERVL	27	0	0	0	73	76	651	401	2072	3657	12195	33204	56713	72160	77536	69036	43254	30873	19018	16049	10402	6476	5962	4535	2564	2365	1863	2315	1249	1385	2630	2544	1856	6177	5684	6472	6157	8766	6986	3932	2530	1493	847	559	538	179	136	0	0	0	0	0	0	0	0	0	0	0	0	0	0	0	0	0	0	0	0	0	0	0	0	0	0	0	0	0	0	0	0	0	0	0	0	0	0	0	0	0	0	0	0	0	0	0	0	0	0	0	0	0
Wilpoe075	LTR	Unknown	0	99	0	46	162	127	725	0	3076	1454	2860	4108	2145	1087	1330	3182	2469	116	1259	58	216	0	449	115	112	404	181	293	822	783	1352	3031	849	597	2279	2162	1135	1391	2274	177	679	0	99	304	369	0	0	0	0	0	0	0	0	0	0	0	0	0	0	0	0	0	0	0	0	0	0	0	0	0	0	0	0	0	0	0	0	0	0	0	0	0	0	0	0	0	0	0	0	0	0	0	0	0	0	0	0	0	0	0
TguERVL2a2_LTR_Ucy	LTR	ERV3	0	0	0	0	0	0	0	0	0	0	0	0	0	0	0	0	0	0	0	0	0	0	0	0	0	0	0	0	0	0	0	0	0	0	0	20	17	0	0	197	0	152	0	14	0	0	0	0	0	0	0	0	0	0	0	0	0	0	0	0	0	0	0	0	0	0	0	0	0	0	0	0	0	0	0	0	0	0	0	0	0	0	0	0	0	0	0	0	0	0	0	0	0	0	0	0	0	0	0	0
CR1-E4_fAlb	LINE	CR1	2	0	51	83	100	115	45	86	351	971	2886	2942	6100	7928	9075	16152	23582	26437	35636	39817	48565	57093	54823	48504	57695	51134	45276	45401	46098	41889	42695	32905	33911	31231	20560	19279	17740	12651	11549	7066	4942	4787	3092	3049	2757	3681	3209	1447	3167	3839	3263	1976	3051	1989	851	295	246	898	249	0	320	0	0	0	0	0	0	0	0	0	0	0	0	0	0	0	0	0	0	0	0	0	0	0	0	0	0	0	0	0	0	0	0	0	0	0	0	0	0	0
Wilpoe068	LTR	ERVL	26956	109949	28113	10803	24547	18051	8314	12915	7174	14516	857	10675	10290	7054	16888	18799	2986	771	5550	2591	1174	2840	3650	906	130	117	1643	596	420	836	327	1112	562	0	360	0	128	306	449	90	515	263	88	197	125	0	461	309	26	21	569	23	288	58	123	0	0	0	0	0	0	0	0	0	0	0	0	0	0	0	0	0	0	0	0	0	0	0	0	0	0	0	0	0	0	0	0	0	0	0	0	0	0	0	0	0	0	0	0	0
TguSINE1_Ucy	SINE	SINE	503	0	0	332	720	343	268	696	761	1248	2127	2175	3526	4287	8202	9191	9466	15073	19169	23233	20613	23269	22408	18958	19838	15722	14877	11375	7569	8713	5840	4912	3831	2729	1653	1569	1760	630	378	147	15	14	18	8	18	0	0	83	0	0	0	26	0	0	0	0	0	0	0	0	0	0	0	0	0	0	0	0	0	0	0	0	0	0	0	0	0	0	0	0	0	0	0	0	0	0	0	0	0	0	0	0	0	0	0	0	0	0	0	0
CR1-X1c_Ucy	LINE	CR1	117	0	0	0	139	107	0	181	68	173	778	272	575	1173	4341	5813	17545	49089	70046	87630	97722	94425	83374	50505	46951	33587	33586	36784	28471	19579	7259	6173	3436	2350	1249	1683	589	4924	1985	3207	4453	2517	2679	2646	6729	7993	6675	15636	10217	6081	6713	3515	1512	2598	4416	1161	2012	1112	1112	75	87	72	0	0	0	0	0	0	0	0	0	0	0	0	0	0	0	0	0	0	0	0	0	0	0	0	0	0	0	0	0	0	0	0	0	0	0	0	0	0
Wilpoe052	LTR	Unknown	0	0	54	0	0	174	0	318	181	675	1779	1280	4376	4662	3550	7571	17274	19730	22277	19876	24764	18752	15944	18389	11058	11649	10341	12544	10649	7088	10604	8386	9326	6521	11652	9296	11577	9859	19071	9251	7664	7610	2677	4026	4648	2712	1323	77	0	383	0	426	0	0	0	0	0	0	0	0	0	0	0	0	0	0	0	0	0	0	0	0	0	0	0	0	0	0	0	0	0	0	0	0	0	0	0	0	0	0	0	0	0	0	0	0	0	0	0	0
Wilpoe064	LTR	Unknown	1258	5228	11277	2604	1541	0	0	769	571	2312	2048	608	0	0	0	0	755	1018	2439	600	0	427	1601	1129	2684	2364	2788	6229	3138	3766	1675	1418	2994	1729	881	1526	229	1407	1481	891	1385	245	600	233	657	0	806	0	0	0	0	0	0	0	0	0	0	0	0	0	0	0	0	0	0	0	0	0	0	0	0	0	0	0	0	0	0	0	0	0	0	0	0	0	0	0	0	0	0	0	0	0	0	0	0	0	0	0	0	0
CR1-X1NA_fAlb	LINE	CR1	62	0	0	313	31	141	158	201	34	703	550	774	1198	726	1081	1923	2126	2512	2804	1604	3823	2347	3341	3562	2236	627	1548	1582	1915	1222	1590	764	1331	842	886	500	957	756	396	531	555	256	284	280	129	51	214	118	31	62	0	39	0	0	0	0	0	0	0	0	0	0	0	0	0	0	0	0	0	0	0	0	0	0	0	0	0	0	0	0	0	0	0	0	0	0	0	0	0	0	0	0	0	0	0	0	0	0	0	0
Wilpoe018	LTR	Unknown	0	0	0	39	0	519	50	1973	2160	2132	422	2190	3483	0	65	1151	1145	44	1008	266	747	210	0	84	134	232	232	561	659	86	92	83	184	75	432	1269	229	0	72	184	65	0	0	169	0	0	0	0	0	0	0	0	0	0	0	0	0	0	0	0	0	0	0	0	0	0	0	0	0	0	0	0	0	0	0	0	0	0	0	0	0	0	0	0	0	0	0	0	0	0	0	0	0	0	0	0	0	0	0	0
Wilpoe146	LTR	Unknown	27	0	0	100	913	1557	2464	2681	3515	1921	1387	2493	2996	779	491	442	481	157	121	0	0	0	89	15	63	0	79	408	64	0	0	0	0	27	3	0	0	81	99	0	0	0	0	0	0	0	0	0	0	0	0	0	0	0	0	0	0	0	0	0	0	0	0	0	0	0	0	0	0	0	0	0	0	0	0	0	0	0	0	0	0	0	0	0	0	0	0	0	0	0	0	0	0	0	0	0	0	0	0	0
Wilpoe036	LTR	Unknown	27	0	76	46	390	255	366	2366	6096	13044	24748	26936	16515	20199	5278	4054	5403	8457	6685	5518	3259	7693	6880	3872	8071	10829	8383	7668	5977	2139	449	1170	7	418	677	337	747	0	352	495	464	121	41	63	0	0	0	0	0	0	0	0	0	0	0	0	0	0	0	0	0	0	0	0	0	0	0	0	0	0	0	0	0	0	0	0	0	0	0	0	0	0	0	0	0	0	0	0	0	0	0	0	0	0	0	0	0	0	0	0
Wilpoe041	LTR	Unknown	62	0	0	0	129	860	3192	3383	1199	1120	2124	1507	1838	825	90	967	1430	131	0	565	0	0	321	543	0	344	296	472	430	39	57	465	11	0	0	135	0	196	0	0	0	0	113	0	0	0	0	34	0	0	0	0	0	0	0	0	0	0	0	0	0	0	0	0	0	0	0	0	0	0	0	0	0	0	0	0	0	0	0	0	0	0	0	0	0	0	0	0	0	0	0	0	0	0	0	0	0	0	0	0
Wilpoe058	LINE	CR1	28	0	235	268	313	931	792	1932	2068	6129	21606	46741	75266	144324	164238	192844	199703	145924	129343	114307	100180	90425	76100	73842	48708	55515	38904	25440	19845	16638	8628	5601	4596	4958	8820	11370	7272	12327	5290	9456	5174	9870	11053	14854	13953	11721	17509	13146	8706	4559	3064	1652	558	863	273	318	0	90	0	0	0	0	0	0	0	0	0	0	0	0	0	0	0	0	0	0	0	0	0	0	0	0	0	0	0	0	0	0	0	0	0	0	0	0	0	0	0	0	0	0
TguLTRL4b_fAlb	LTR	ERV3	0	0	0	0	34	0	0	38	147	0	0	0	148	33	0	114	428	0	71	311	75	0	255	267	92	36	0	64	325	1136	1122	954	1143	2197	1350	576	557	158	382	24	422	88	389	60	399	418	0	43	0	21	87	0	0	0	0	0	0	0	0	0	0	0	0	0	0	0	0	0	0	0	0	0	0	0	0	0	0	0	0	0	0	0	0	0	0	0	0	0	0	0	0	0	0	0	0	0	0	0	0	0
Wilpoe014	LTR	Unknown	0	0	0	481	321	64	3864	12150	17465	9386	14386	30	5333	2512	888	2781	1215	718	244	509	3641	1455	4957	1193	560	1961	1143	1246	2780	214	103	2191	1241	1164	1832	141	521	1017	1965	493	0	184	0	0	0	0	0	0	0	0	0	0	0	0	0	0	0	0	0	0	0	0	0	0	0	0	0	0	0	0	0	0	0	0	0	0	0	0	0	0	0	0	0	0	0	0	0	0	0	0	0	0	0	0	0	0	0	0	0	0
Wilpoe097	LTR	Unknown	0	0	0	0	129	108	0	4067	3645	7656	15442	20639	10168	10780	8014	5886	6289	4424	4991	4012	2044	3450	3165	7386	5008	5454	8853	8076	8582	8208	5137	2981	1095	2136	602	1292	397	690	3178	1683	1312	2032	938	0	549	0	172	0	0	0	0	0	0	0	0	0	0	0	0	0	0	0	0	0	0	0	0	0	0	0	0	0	0	0	0	0	0	0	0	0	0	0	0	0	0	0	0	0	0	0	0	0	0	0	0	0	0	0	0	0
fAlbLTR5	LTR	ERV1	0	0	0	53	0	0	0	0	0	0	0	0	0	0	0	50	0	234	0	0	0	215	215	155	122	282	588	744	745	316	604	596	733	303	342	110	78	312	363	95	70	77	196	0	0	0	0	0	0	0	0	0	0	0	0	0	0	0	0	0	0	0	0	0	0	0	0	0	0	0	0	0	0	0	0	0	0	0	0	0	0	0	0	0	0	0	0	0	0	0	0	0	0	0	0	0	0	0	0	0
Wilpoe096	LTR	ERV1	0	0	0	0	0	2361	1215	5690	6193	8975	11112	8289	6392	5384	5041	5389	5580	6815	6663	2921	6886	4473	2933	2785	1793	1912	1080	1281	0	157	588	363	528	308	56	198	99	0	1355	349	648	0	287	146	157	0	376	376	0	0	0	0	0	0	0	0	0	0	0	0	0	0	0	0	0	0	0	0	0	0	0	0	0	0	0	0	0	0	0	0	0	0	0	0	0	0	0	0	0	0	0	0	0	0	0	0	0	0	0	0
CR1-J1_Ucy	LINE	CR1	30	0	0	40	162	0	185	220	235	387	337	447	710	934	1553	1943	2347	3125	7745	8540	11056	19642	34104	45915	63595	86304	104104	122147	105318	104273	97303	66900	53471	36924	32974	18987	19010	15999	13195	10384	9032	3893	3368	7215	2386	4655	2888	3234	2071	5151	3668	1421	1466	1822	1613	1318	1749	226	859	322	23	0	0	0	0	0	0	0	0	0	0	0	0	0	0	0	0	0	0	0	0	0	0	0	0	0	0	0	0	0	0	0	0	0	0	0	0	0	0	0
TguLTRL3-L_Ucy	LTR	ERV3	0	0	0	0	0	0	0	0	0	0	0	0	0	0	0	0	0	0	0	0	0	0	0	0	0	0	92	0	0	0	0	70	0	0	0	0	0	0	0	0	0	0	0	0	0	0	0	0	0	0	0	0	0	0	0	0	0	0	0	0	0	0	0	0	0	0	0	0	0	0	0	0	0	0	0	0	0	0	0	0	0	0	0	0	0	0	0	0	0	0	0	0	0	0	0	0	0	0	0	0
Wilpoe005	LTR	Unknown	37	0	0	762	990	8492	9752	22681	30523	29985	26236	29191	25121	11666	9881	20826	22417	13214	13168	10314	11772	17515	28291	19652	14753	12105	7522	2837	2388	1868	1378	1878	1767	376	688	1151	352	1271	300	34	79	0	0	22	0	32	0	0	0	0	0	0	0	0	0	0	0	0	0	0	0	0	0	0	0	0	0	0	0	0	0	0	0	0	0	0	0	0	0	0	0	0	0	0	0	0	0	0	0	0	0	0	0	0	0	0	0	0	0	0
Wilpoe139	LTR	Unknown	753	672	7571	10577	6695	9270	674	81	72	1778	1697	1238	3876	2446	0	0	299	0	988	0	0	0	0	0	0	61	0	0	0	0	0	0	0	0	0	0	0	0	0	0	0	236	0	0	337	0	124	0	0	0	0	0	0	0	0	0	0	0	0	0	0	0	0	0	0	0	0	0	0	0	0	0	0	0	0	0	0	0	0	0	0	0	0	0	0	0	0	0	0	0	0	0	0	0	0	0	0	0	0	0
Wilpoe049	Unknown	Unknown	31	0	117	393	62	403	3193	10759	32735	46046	40495	40047	43693	33421	55194	46690	30982	10874	12965	5125	5581	2581	2684	1921	711	896	803	252	1098	475	416	521	342	162	32	514	191	343	27	113	98	157	0	0	0	0	0	30	0	0	0	0	0	0	0	0	0	0	0	0	0	0	0	0	0	0	0	0	0	0	0	0	0	0	0	0	0	0	0	0	0	0	0	0	0	0	0	0	0	0	0	0	0	0	0	0	0	0	0	0
TguLTRL1a7-a_fAlb	LTR	ERV3	0	0	0	0	0	0	0	0	0	0	0	0	0	0	49	0	0	0	0	0	0	0	0	0	0	0	0	0	0	97	0	0	0	0	0	0	0	0	0	0	0	0	0	0	0	0	0	0	0	0	0	0	0	0	0	0	0	0	0	0	0	0	0	0	0	0	0	0	0	0	0	0	0	0	0	0	0	0	0	0	0	0	0	0	0	0	0	0	0	0	0	0	0	0	0	0	0	0	0	0
CR1-YB1_Ucy	LINE	CR1	0	0	0	0	0	29	0	96	176	0	0	290	57	98	567	966	703	1606	4868	5762	10410	13896	15342	26321	21836	27006	19061	22912	20628	12772	9020	9519	7771	3898	8890	12202	11103	15560	12732	12149	10745	13371	14716	10732	10996	10026	11441	6468	7856	5899	3311	2155	1857	2233	704	564	49	45	71	73	0	34	0	0	0	0	0	0	0	0	0	0	0	0	0	0	0	0	0	0	0	0	0	0	0	0	0	0	0	0	0	0	0	0	0	0	0	0	0	0
TguERVK7_LTR2-Lc_fAlb	LTR	ERV2	0	0	0	0	0	0	0	0	0	0	0	0	0	0	0	0	0	0	0	0	0	0	0	0	0	0	0	0	0	0	0	0	61	0	0	0	0	0	0	0	0	0	0	0	0	0	0	0	0	0	0	0	0	0	0	0	0	0	0	0	0	0	0	0	0	0	0	0	0	0	0	0	0	0	0	0	0	0	0	0	0	0	0	0	0	0	0	0	0	0	0	0	0	0	0	0	0	0	0	0
Wilpoe072	LTR	Unknown	0	0	0	0	0	0	243	1966	7376	13317	14880	17335	12379	5581	8099	6602	6370	5202	5917	9093	5811	2570	3314	4361	673	957	578	679	386	1179	1189	1498	1907	3197	3881	3663	5623	3972	4870	3479	5898	4318	5201	2417	2423	1414	1213	862	169	394	202	651	204	201	0	0	201	201	0	0	0	0	0	0	0	0	0	0	0	0	0	0	0	0	0	0	0	0	0	0	0	0	0	0	0	0	0	0	0	0	0	0	0	0	0	0	0	0	0	0
TguERVL2a1_LTR-La_Ucy	LTR	ERV3	0	0	0	0	0	0	0	0	0	0	0	0	0	0	0	0	0	0	0	0	0	0	0	0	0	0	0	0	0	0	0	0	0	133	166	283	0	169	0	0	0	0	0	0	0	0	22	0	0	0	0	0	0	0	0	0	0	0	0	0	0	0	0	0	0	0	0	0	0	0	0	0	0	0	0	0	0	0	0	0	0	0	0	0	0	0	0	0	0	0	0	0	0	0	0	0	0	0	0	0
CR1-X3_Ucy	LINE	CR1	0	0	0	0	0	94	44	41	96	64	72	209	233	153	304	717	809	546	1220	2570	2242	3872	4977	7839	6330	7792	11177	12188	12274	6419	5438	6800	4176	2405	1876	1300	226	480	589	1054	451	452	421	496	742	631	706	753	389	233	219	245	244	109	64	16	0	0	0	0	0	0	0	0	0	0	0	0	0	0	0	0	0	0	0	0	0	0	0	0	0	0	0	0	0	0	0	0	0	0	0	0	0	0	0	0	0	0	0	0
CR1L_fAlb	LINE	CR1	0	0	0	0	31	30	0	59	36	32	45	210	193	326	441	383	1097	1345	594	1758	2266	1818	3426	4156	4055	5509	6081	6814	8352	9321	7414	7401	8542	9675	8301	8111	7252	6747	5825	5311	3815	4783	2657	3395	2384	1463	1019	1050	902	89	430	88	172	93	0	0	0	0	0	0	0	0	0	0	0	0	0	0	0	0	0	0	0	0	0	0	0	0	0	0	0	0	0	0	0	0	0	0	0	0	0	0	0	0	0	0	0	0	0	0
AviRTE_Wuchereria_bancrofti	LINE	RTE-BovB	0	0	0	0	0	0	0	0	0	0	0	0	0	0	0	0	0	0	0	10	0	0	0	0	0	0	0	8	0	0	0	0	26	0	0	0	0	0	0	0	0	0	0	0	0	0	0	0	0	0	0	0	0	0	0	0	0	0	0	0	0	0	0	0	0	0	0	0	0	0	0	0	0	0	0	0	0	0	0	0	0	0	0	0	0	0	0	0	0	0	0	0	0	0	0	0	0	0	0	0
Wilpoe118	LTR	Unknown	0	0	572	100	1162	577	0	1129	0	0	0	0	0	0	0	0	0	0	0	418	0	0	0	0	0	226	0	0	0	0	998	394	0	0	179	0	0	0	0	0	0	0	0	0	421	417	430	0	0	0	357	0	0	0	0	0	0	0	0	0	0	0	0	0	0	0	0	0	0	0	0	0	0	0	0	0	0	0	0	0	0	0	0	0	0	0	0	0	0	0	0	0	0	0	0	0	0	0	0	0
Wilpoe152	LTR	Unknown	29	0	62	683	13213	40379	54880	42207	21044	12469	1831	5866	1425	2004	5865	7444	17337	18032	27184	27065	40070	31420	23162	16320	10634	6474	7344	7451	8398	15369	10849	15035	12784	12397	12445	7535	4722	5263	3719	4535	500	0	125	317	0	0	0	0	0	0	0	0	0	0	0	0	0	0	0	0	0	0	0	0	0	0	0	0	0	0	0	0	0	0	0	0	0	0	0	0	0	0	0	0	0	0	0	0	0	0	0	0	0	0	0	0	0	0	0	0
Wilpoe031	LTR	ERVL	0	0	0	38	36	0	0	81	93	130	145	414	598	1008	421	2830	8102	13452	15333	26741	30190	57388	54543	50898	54350	39467	38365	32924	18835	16825	15180	11529	6910	8659	5528	6440	6713	6392	4431	4689	5654	2507	3202	1068	728	1725	99	54	0	0	0	0	0	0	0	0	0	0	0	0	0	0	0	0	0	0	0	0	0	0	0	0	0	0	0	0	0	0	0	0	0	0	0	0	0	0	0	0	0	0	0	0	0	0	0	0	0	0	0	0
TguLTRK1a-Lb_Ucy	LTR	ERV2	0	0	0	0	0	0	0	0	0	0	0	0	0	0	0	0	0	0	0	0	0	0	0	0	0	0	0	0	0	0	0	76	0	0	0	0	0	0	0	0	0	0	0	0	0	0	0	0	0	0	0	0	0	0	0	0	0	0	0	0	0	0	0	0	0	0	0	0	0	0	0	0	0	0	0	0	0	0	0	0	0	0	0	0	0	0	0	0	0	0	0	0	0	0	0	0	0	0	0	0
TguLTRL4a-La_fAlb	LTR	ERV3	0	0	0	0	0	0	0	0	0	0	0	0	0	0	0	0	0	0	0	0	0	0	0	0	0	0	0	0	0	0	0	38	0	0	24	0	26	112	0	0	2	106	0	12	0	37	8	0	0	0	0	0	0	0	0	0	0	0	0	0	0	0	0	0	0	0	0	0	0	0	0	0	0	0	0	0	0	0	0	0	0	0	0	0	0	0	0	0	0	0	0	0	0	0	0	0	0	0	0	0
Wilpoe045	Unknown	Unknown	0	0	0	0	0	0	0	0	0	0	0	0	0	0	0	0	0	0	138	0	106	0	0	43	0	0	0	0	0	0	50	0	927	0	0	0	825	3841	1407	343	569	0	16	167	0	0	0	0	0	0	800	0	0	0	0	0	0	0	0	0	0	0	0	0	0	0	0	0	0	0	0	0	0	0	0	0	0	0	0	0	0	0	0	0	0	0	0	0	0	0	0	0	0	0	0	0	0	0	0	0
TguLTRL4b-a_Ucy	LTR	ERV3	0	0	0	0	0	0	0	44	0	0	0	41	74	172	104	177	281	218	2543	1645	8500	15177	29709	48377	55807	50079	66540	45118	37816	23304	21714	11394	10996	7073	1608	2398	3546	2002	2542	709	992	958	844	1209	600	217	1332	390	210	0	185	83	151	0	0	53	0	0	0	0	0	0	0	0	0	0	0	0	0	0	0	0	0	0	0	0	0	0	0	0	0	0	0	0	0	0	0	0	0	0	0	0	0	0	0	0	0	0	0	0
Tgu_rep3-L_Ucy	LTR	ERV3	34	0	0	39	96	0	0	515	37	0	47	273	295	69	75	397	319	524	740	685	1616	4092	3904	4406	3170	5143	5436	4701	5670	6107	6505	3324	3122	2578	2496	2833	1668	1672	782	1300	1003	932	75	0	278	111	0	0	0	0	0	0	0	0	0	0	0	0	0	0	0	0	0	0	0	0	0	0	0	0	0	0	0	0	0	0	0	0	0	0	0	0	0	0	0	0	0	0	0	0	0	0	0	0	0	0	0	0	0	0
ManaSINE1_Manacus_vitellinus	SINE	RTE	0	0	0	0	71	0	148	156	180	78	0	0	0	80	6	10	0	91	0	25	13	16	37	196	114	164	102	7	137	28	101	101	3	20	83	73	3	57	74	57	0	0	0	0	0	0	0	0	0	0	0	0	0	0	0	0	0	0	0	0	0	0	0	0	0	0	0	0	0	0	0	0	0	0	0	0	0	0	0	0	0	0	0	0	0	0	0	0	0	0	0	0	0	0	0	0	0	0	0	0
Wilpoe084	Unknown	Unknown	0	0	5459	10422	12244	15029	3898	6959	2290	512	1378	3970	4136	3247	4670	5802	6683	2078	2772	4298	1571	96	819	1480	444	1242	1214	928	1894	922	793	512	1042	3925	6652	4830	2954	2474	3615	2512	1539	911	325	2130	1022	433	830	486	100	174	30	43	110	0	0	0	0	0	0	0	0	0	0	0	0	0	0	0	0	0	0	0	0	0	0	0	0	0	0	0	0	0	0	0	0	0	0	0	0	0	0	0	0	0	0	0	0	0	0	0
Wilpoe046	Unknown	Unknown	0	0	0	0	5384	259	0	0	267	0	0	0	0	0	1564	842	329	0	2666	1158	0	0	0	14	0	0	0	68	0	0	106	548	0	484	183	422	697	2224	164	1305	1621	482	0	383	0	0	0	0	0	0	0	0	0	0	0	0	0	0	0	0	0	0	0	0	0	0	0	0	0	0	0	0	0	0	0	0	0	0	0	0	0	0	0	0	0	0	0	0	0	0	0	0	0	0	0	0	0	0	0	0
CR1-E6_fAlb	LINE	CR1	79	0	0	210	374	493	141	994	2023	3088	4177	6988	9611	12515	17478	22391	27134	31711	36693	34203	36546	39159	33888	35199	29542	26436	27240	19209	18562	13745	9707	9223	6938	6388	3863	3554	3489	3594	3161	2045	2575	2702	2647	4568	3216	3757	2497	3128	2532	3358	1683	2422	1739	947	694	519	592	0	184	0	0	0	0	0	0	0	0	0	0	0	0	0	0	0	0	0	0	0	0	0	0	0	0	0	0	0	0	0	0	0	0	0	0	0	0	0	0	0	0	0
fAlbLTRK4	LTR	ERV2	0	0	0	0	0	0	0	0	0	0	0	0	0	0	0	0	0	0	33	0	0	0	0	0	0	0	0	0	0	0	0	0	0	0	0	0	0	0	0	0	0	0	0	0	0	0	0	0	0	0	0	0	0	0	0	0	0	0	0	0	0	0	0	0	0	0	0	0	0	0	0	0	0	0	0	0	0	0	0	0	0	0	0	0	0	0	0	0	0	0	0	0	0	0	0	0	0	0	0	0
Wilpoe119	Unknown	Unknown	1972	5887	13820	5336	1137	3071	2420	352	576	0	177	517	566	146	807	1733	1696	2550	1440	1670	1930	1441	1249	1632	954	612	1240	660	669	391	1973	1100	775	893	59	477	637	737	565	591	402	746	247	679	0	842	1676	402	0	827	425	0	0	652	0	0	0	0	0	0	0	0	0	0	0	0	0	0	0	0	0	0	0	0	0	0	0	0	0	0	0	0	0	0	0	0	0	0	0	0	0	0	0	0	0	0	0	0	0	0
fAlbLTR2	LTR	ERV1	0	0	0	0	0	0	0	0	0	0	0	0	0	0	0	0	0	52	48	0	59	0	0	75	0	0	134	84	338	399	780	367	1178	1133	1895	2925	3770	4582	9579	11740	6078	10731	7871	8923	3682	4908	2846	2343	1642	1225	415	414	211	382	344	0	0	0	0	0	0	0	0	0	0	0	0	0	0	0	0	0	0	0	0	0	0	0	0	0	0	0	0	0	0	0	0	0	0	0	0	0	0	0	0	0	0	0	0	0
TguERVL2a2_LTR-Lb_fAlb	LTR	ERV3	0	0	0	0	0	0	0	0	0	0	0	0	0	0	0	0	0	0	0	0	0	0	0	0	0	0	0	0	0	0	0	0	0	0	341	220	559	0	32	0	0	328	248	0	0	0	0	0	0	0	0	0	0	0	0	0	0	0	0	0	0	0	0	0	0	0	0	0	0	0	0	0	0	0	0	0	0	0	0	0	0	0	0	0	0	0	0	0	0	0	0	0	0	0	0	0	0	0	0	0
Wilpoe123	LTR	Unknown	1684	1439	1402	12282	54373	114517	144541	106947	104762	64124	57633	40400	26151	18763	14957	8134	6180	2681	1781	1128	1311	603	152	299	236	1190	1344	725	131	258	0	41	28	213	0	0	0	0	0	0	0	0	0	0	0	0	0	13	0	0	0	0	0	0	0	0	0	0	0	0	0	0	0	0	0	0	0	0	0	0	0	0	0	0	0	0	0	0	0	0	0	0	0	0	0	0	0	0	0	0	0	0	0	0	0	0	0	0	0	0
TguERVL2a4_LTR-La_fAlb	LTR	ERV3	0	0	0	0	0	0	0	0	0	0	0	0	0	0	0	0	0	0	0	0	0	0	0	0	0	0	0	0	0	0	0	0	0	0	20	0	0	0	183	155	33	0	0	0	0	0	0	0	0	0	0	0	0	0	0	0	0	0	0	0	0	0	0	0	0	0	0	0	0	0	0	0	0	0	0	0	0	0	0	0	0	0	0	0	0	0	0	0	0	0	0	0	0	0	0	0	0	0	0	0
Wilpoe024	LINE	CR1	74	0	0	138	684	503	602	898	1600	4628	5969	11697	18138	27377	51758	65811	87111	82682	98106	92448	75417	63226	54113	55224	36324	36645	38636	37662	43253	55784	81366	84556	101500	113026	115862	126568	117373	116139	101535	102736	100779	96330	81370	71409	70070	52627	49709	36760	28785	22451	14580	11988	4417	2703	2441	1396	646	194	47	170	0	0	0	0	0	0	0	0	0	0	0	0	0	0	0	0	0	0	0	0	0	0	0	0	0	0	0	0	0	0	0	0	0	0	0	0	0	0	0	0
CR1-J3_fAlb	LINE	CR1	111	0	57	54	293	304	455	372	649	839	1655	791	1062	2018	3978	5022	6427	10145	14305	28788	51219	72143	92258	119389	127155	117517	136349	125038	112148	101989	93961	70597	49959	43661	28574	15663	15062	9228	7181	7119	5038	5566	5860	6471	5394	5893	6408	7416	8929	8688	11813	5322	5131	4516	4035	1419	1514	782	701	0	478	0	0	0	0	0	0	0	0	0	0	0	0	0	0	0	0	0	0	0	0	0	0	0	0	0	0	0	0	0	0	0	0	0	0	0	0	0	0	0
Wilpoe039	LTR	Unknown	0	0	0	141	116	136	231	518	851	2108	20062	60873	102995	61739	29671	8122	12761	12453	14365	9755	6618	3080	6153	6416	7853	6065	7507	4395	1758	1131	583	1177	421	1400	1420	361	0	0	291	0	0	0	0	0	42	0	0	0	0	0	0	0	0	0	0	0	0	0	0	0	0	0	0	0	0	0	0	0	0	0	0	0	0	0	0	0	0	0	0	0	0	0	0	0	0	0	0	0	0	0	0	0	0	0	0	0	0	0	0	0
Wilpoe105	LTR	Unknown	0	0	187	0	0	115	0	77	4216	7394	8209	7202	7900	10264	11460	11680	9124	6721	4316	6437	7674	6897	5915	8284	11149	8272	12088	7354	8492	9164	9900	6816	9388	3080	3161	3565	2235	4290	0	726	0	0	0	0	0	0	0	0	0	0	0	0	0	0	0	0	0	0	0	0	0	0	0	0	0	0	0	0	0	0	0	0	0	0	0	0	0	0	0	0	0	0	0	0	0	0	0	0	0	0	0	0	0	0	0	0	0	0	0	0
AviRTE_Ara_macao	LINE	RTE-BovB	0	0	0	0	0	0	0	0	0	0	0	0	0	0	0	0	0	0	42	19	0	0	124	0	0	0	0	3	0	69	0	34	0	18	116	0	0	0	0	0	0	0	0	0	0	0	0	0	0	0	0	0	0	0	0	0	0	0	0	0	0	0	0	0	0	0	0	0	0	0	0	0	0	0	0	0	0	0	0	0	0	0	0	0	0	0	0	0	0	0	0	0	0	0	0	0	0	0	0	0
Wilpoe053	LTR	Unknown	0	0	413	240	3165	11244	9810	4969	2556	1753	2131	0	543	878	2567	4895	2532	185	1378	2381	404	3200	881	1503	2227	2521	4472	3444	4013	3139	5291	4629	4047	4316	3944	1170	1929	3343	2440	1274	363	1788	1359	176	737	253	0	0	0	0	0	0	0	0	0	0	0	0	0	0	0	0	0	0	0	0	0	0	0	0	0	0	0	0	0	0	0	0	0	0	0	0	0	0	0	0	0	0	0	0	0	0	0	0	0	0	0	0	0	0
CR1-X1_fAlb	LINE	CR1	36	0	60	130	33	188	380	258	530	683	1377	2883	2309	2951	4794	6967	9312	14306	15152	20981	21870	34584	36004	37442	30168	26055	23735	19724	15080	13679	6011	8586	5404	3551	3955	5984	5750	3812	3350	4230	2617	3265	1921	2509	2493	1098	1973	601	1521	1160	907	396	760	96	53	122	18	0	0	0	0	0	0	0	0	0	0	0	0	0	0	0	0	0	0	0	0	0	0	0	0	0	0	0	0	0	0	0	0	0	0	0	0	0	0	0	0	0	0	0
Wilpoe114	LTR	Unknown	0	0	0	0	0	165	46	0	0	0	672	76	666	434	1278	1088	3240	1699	2565	1916	4105	2757	4222	6057	6238	6387	4371	4532	2268	3150	1051	926	906	490	170	71	0	403	305	0	103	0	0	0	0	0	0	0	0	0	0	0	0	0	0	0	0	0	0	0	0	0	0	0	0	0	0	0	0	0	0	0	0	0	0	0	0	0	0	0	0	0	0	0	0	0	0	0	0	0	0	0	0	0	0	0	0	0	0	0
Wilpoe155	LTR	Unknown	57	112	0	0	416	1729	4050	5819	7488	3883	442	3103	2599	5586	1725	2604	1288	2645	1569	0	1440	1001	3200	1610	2260	182	439	606	1738	427	689	0	0	867	23	0	0	0	0	0	0	0	0	0	0	0	15	0	0	0	0	0	0	0	0	0	0	0	0	0	0	0	0	0	0	0	0	0	0	0	0	0	0	0	0	0	0	0	0	0	0	0	0	0	0	0	0	0	0	0	0	0	0	0	0	0	0	0	0	0
Wilpoe141	LTR	Unknown	0	0	0	220	95	0	186	133	304	637	322	353	594	859	1780	2080	2156	2333	9510	8853	13234	5341	8898	7078	5336	6139	5812	9495	7071	6502	6077	5106	2780	2436	2889	1853	1241	851	0	0	0	0	166	0	0	0	0	0	0	0	0	0	0	0	0	0	0	0	0	0	0	0	0	0	0	0	0	0	0	0	0	0	0	0	0	0	0	0	0	0	0	0	0	0	0	0	0	0	0	0	0	0	0	0	0	0	0	0	0	0
CR1-J1a_fAlb	LINE	CR1	0	0	52	0	303	6	237	153	444	125	551	432	1139	632	1529	981	2142	2349	3216	4389	6870	6258	7071	6938	7992	5278	5469	7352	5766	3638	2369	1428	1444	887	506	581	1308	596	297	567	946	667	734	394	504	796	762	598	629	330	335	149	173	28	74	42	0	0	0	0	0	9	0	0	0	0	0	0	0	0	0	0	0	0	0	0	0	0	0	0	0	0	0	0	0	0	0	0	0	0	0	0	0	0	0	0	0	0	0	0
Wilpoe080	LTR	Unknown	0	0	0	0	505	1674	1485	5060	7285	9378	3143	5491	3383	2142	0	1153	0	628	991	217	0	0	0	403	879	1146	796	810	0	0	0	497	146	0	537	376	587	0	136	370	0	0	783	488	0	0	0	1325	0	0	0	0	0	0	0	0	0	0	0	0	0	0	0	0	0	0	0	0	0	0	0	0	0	0	0	0	0	0	0	0	0	0	0	0	0	0	0	0	0	0	0	0	0	0	0	0	0	0	0	0
Wilpoe083	LTR	ERV2	255	6396	13897	47502	23253	30381	30097	34689	16871	20078	17521	14035	12508	12734	12393	5580	4565	4102	6572	6355	4356	3602	4080	5668	6244	7220	3868	3454	1293	2447	4033	829	1415	3358	2404	1403	1323	309	453	276	63	349	390	846	584	778	1311	0	110	1102	304	1532	388	401	0	0	151	0	0	0	76	108	225	106	108	238	0	108	0	0	0	0	0	0	0	0	0	0	0	0	0	0	0	0	0	0	0	0	0	0	0	0	0	0	0	0	0	0	0	0
fAlbLTRL4	LTR	ERV3	0	0	0	0	0	0	0	0	0	0	0	0	0	0	0	38	0	0	0	0	0	0	0	0	0	0	0	0	0	0	0	0	0	0	0	0	0	0	0	0	0	0	0	0	0	0	0	0	0	0	0	0	0	0	0	0	0	0	0	0	0	0	0	0	0	0	0	0	0	0	0	0	0	0	0	0	0	0	0	0	0	0	0	0	0	0	0	0	0	0	0	0	0	0	0	0	0	0	0	0
fAlbLTRK1d	LTR	ERV2	0	0	0	0	0	0	0	0	0	0	0	0	0	0	0	0	0	0	0	0	0	0	0	0	0	0	0	0	0	0	0	0	0	134	0	0	0	0	0	0	0	0	0	0	0	0	0	0	0	0	0	0	0	0	0	0	0	0	0	0	0	0	0	0	0	0	0	0	0	0	0	0	0	0	0	0	0	0	0	0	0	0	0	0	0	0	0	0	0	0	0	0	0	0	0	0	0	0	0	0
Wilpoe022	LINE	CR1	5	117	656	424	655	782	3788	4052	5537	10919	12126	11415	11556	11972	13865	16702	14884	13199	12644	11581	9575	9165	6983	4931	3946	2932	3631	2876	3014	1572	501	2134	1305	725	1270	2435	2049	1250	1239	1205	1406	1443	621	1069	648	378	390	224	241	65	251	71	33	60	0	0	0	35	0	0	0	0	0	0	0	0	0	0	0	0	0	0	0	0	0	0	0	0	0	0	0	0	0	0	0	0	0	0	0	0	0	0	0	0	0	0	0	0	0	0
AviRTE_Zimmerius_chrysops	LINE	RTE-BovB	0	0	0	0	0	0	0	0	0	32	0	0	0	52	0	39	0	0	0	0	27	0	0	0	0	0	6	0	0	0	0	0	5	0	0	0	0	0	0	0	1	0	0	0	0	0	0	0	61	0	0	0	0	0	0	0	0	0	0	0	0	0	0	0	0	0	0	0	0	0	0	0	0	0	0	0	0	0	0	0	0	0	0	0	0	0	0	0	0	0	0	0	0	0	0	0	0	0	0	0
fAlbLTRK14	LTR	ERV2	0	0	0	0	0	0	0	0	0	0	0	0	0	0	53	0	0	0	0	0	0	0	0	0	58	0	0	0	0	0	0	0	0	0	0	0	0	0	0	0	0	0	0	0	0	0	0	0	0	0	0	0	0	0	0	0	0	0	0	0	0	0	0	0	0	0	0	0	0	0	0	0	0	0	0	0	0	0	0	0	0	0	0	0	0	0	0	0	0	0	0	0	0	0	0	0	0	0	0	0
Wilpoe149	LINE	CR1	42	404	813	5238	6754	9977	6769	9794	8674	7816	5153	3239	3658	2158	4470	1722	1610	845	2227	827	809	855	311	582	695	295	822	165	148	213	161	201	344	161	295	6	104	68	52	52	97	182	115	31	68	0	0	100	52	155	25	0	0	0	0	0	0	0	0	0	0	0	0	0	0	0	0	0	0	0	0	0	0	0	0	0	0	0	0	0	0	0	0	0	0	0	0	0	0	0	0	0	0	0	0	0	0	0	0	0
TguLTRK1a-La_Ucy	LTR	ERV2	0	0	0	0	0	0	0	0	0	0	0	0	0	0	0	0	0	0	0	0	45	0	0	0	0	0	0	62	0	0	0	0	0	0	0	0	0	0	0	54	0	0	0	0	0	0	0	0	0	0	0	0	0	0	0	0	0	0	0	0	0	0	0	0	0	0	0	0	0	0	0	0	0	0	0	0	0	0	0	0	0	0	0	0	0	0	0	0	0	0	0	0	0	0	0	0	0	0	0	0
Wilpoe108	LTR	Unknown	0	0	0	0	211	0	712	1591	1339	3028	2890	4119	2480	1631	3569	2715	428	1852	2459	2186	1277	2519	889	1797	1265	378	1399	1558	848	1430	392	346	271	0	253	0	0	0	0	0	0	0	0	0	0	0	0	0	0	0	0	0	0	0	0	0	0	0	0	0	0	0	0	0	0	0	0	0	0	0	0	0	0	0	0	0	0	0	0	0	0	0	0	0	0	0	0	0	0	0	0	0	0	0	0	0	0	0	0	0
Wilpoe089	LTR	Unknown	0	215	103	1087	761	5564	12533	10843	5337	2420	760	916	4341	3108	4315	5095	3852	1557	2818	2481	11975	17817	11584	8559	2126	1247	1610	2073	507	1125	854	3210	3307	5683	5263	3838	7628	11143	8634	9945	9839	8929	7806	7058	8591	5256	4501	4341	1524	1016	480	735	502	0	178	0	0	0	0	0	0	0	0	0	0	0	0	0	0	0	0	0	0	0	0	0	0	0	0	0	0	0	0	0	0	0	0	0	0	0	0	0	0	0	0	0	0	0	0	0
Wilpoe112	LTR	Unknown	0	0	0	0	1166	1409	5647	7141	3267	3148	1863	469	0	459	0	0	0	468	898	2765	2727	2665	3221	3572	472	460	2293	1904	732	1387	1409	1411	1419	1838	0	111	0	0	0	0	0	0	0	0	0	0	0	0	0	0	0	0	0	0	0	0	0	0	0	0	0	0	0	0	0	0	0	0	0	0	0	0	0	0	0	0	0	0	0	0	0	0	0	0	0	0	0	0	0	0	0	0	0	0	0	0	0	0	0	0
Wilpoe063	LTR	Unknown	0	77	59	163	158	1346	1707	7615	15177	18120	21759	16345	16202	11390	11404	6450	4825	7830	3385	4716	2572	1825	811	3831	2765	891	15	1584	793	1509	814	408	502	26	226	23	0	158	122	0	433	0	289	0	0	0	0	0	0	0	0	0	0	0	0	0	0	0	0	0	0	0	0	0	0	0	0	0	0	0	0	0	0	0	0	0	0	0	0	0	0	0	0	0	0	0	0	0	0	0	0	0	0	0	0	0	0	0	0	0
Wilpoe136	LINE	CR1	333	0	702	517	1375	1043	2281	2101	4083	3657	5679	4860	2408	5118	6775	3676	3932	2267	3782	2772	928	1193	354	149	797	482	703	922	998	629	828	705	369	361	633	288	295	564	610	255	208	293	213	376	53	430	120	26	221	49	39	80	43	0	0	0	0	7	0	0	0	0	0	0	0	0	0	0	0	0	0	0	0	0	0	0	0	0	0	0	0	0	0	0	0	0	0	0	0	0	0	0	0	0	0	0	0	0	0	0
UcyLTRK4	LTR	ERV2	0	0	0	0	0	0	0	0	0	0	0	0	36	0	0	0	0	0	0	0	0	0	0	0	0	0	0	0	0	0	0	0	0	0	0	0	0	0	0	0	0	0	0	0	0	0	0	0	0	0	0	0	0	0	0	0	0	0	0	0	0	0	0	0	0	0	0	0	0	0	0	0	0	0	0	0	0	0	0	0	0	0	0	0	0	0	0	0	0	0	0	0	0	0	0	0	0	0	0	0
CR1-K4_fAlb	LINE	CR1	0	0	0	0	33	27	0	116	143	111	100	197	280	260	213	555	465	808	691	535	854	1184	935	873	946	1495	1299	1546	1803	1560	2401	1631	2106	1743	2947	1723	1832	2352	2795	1249	1986	1303	1622	2054	1917	1836	1936	3086	1391	1786	1387	1278	1034	1825	196	695	22	67	141	27	0	0	0	0	0	0	0	0	0	0	0	0	0	0	0	0	0	0	0	0	0	0	0	0	0	0	0	0	0	0	0	0	0	0	0	0	0	0	0	0
Wilpoe030	LTR	Unknown	63	81	67	442	208	202	288	197	924	1218	2221	2359	1692	6580	5162	6369	2791	4186	586	864	170	0	500	470	0	317	25	171	368	24	0	83	171	127	0	174	0	2	0	0	0	0	28	0	0	0	0	0	0	0	0	0	0	0	0	0	0	0	0	0	0	0	0	0	0	0	0	0	0	0	0	0	0	0	0	0	0	0	0	0	0	0	0	0	0	0	0	0	0	0	0	0	0	0	0	0	0	0	0	0
TguLTR6a_fAlb	LTR	ERV3	0	0	0	40	32	0	90	38	108	367	0	198	163	281	354	722	307	476	1492	1310	1348	1594	3478	2623	1323	2205	4047	1847	2094	1548	1764	1312	1255	1598	871	1114	246	818	237	589	0	22	0	140	0	0	0	0	0	0	0	0	0	0	0	0	0	0	0	0	0	0	0	0	0	0	0	0	0	0	0	0	0	0	0	0	0	0	0	0	0	0	0	0	0	0	0	0	0	0	0	0	0	0	0	0	0	0	0	0
fAlbLTRK11	LTR	ERV2	0	0	0	0	0	0	0	0	0	0	0	0	0	0	33	0	0	0	0	0	0	0	0	0	0	0	0	0	0	0	0	0	0	0	0	0	0	0	0	0	0	0	0	0	0	0	0	0	0	0	0	0	0	0	0	0	0	0	0	0	0	0	0	0	0	0	0	0	0	0	0	0	0	0	0	0	0	0	0	0	0	0	0	0	0	0	0	0	0	0	0	0	0	0	0	0	0	0	0	0
Wilpoe037	LTR	ERVL	23480	58801	46607	5092	6341	1064	3785	14312	41271	9627	12978	12586	6943	6946	4155	6123	651	1264	688	0	0	0	723	699	1444	526	1860	792	1678	1485	761	1234	634	565	66	82	1710	234	0	132	0	560	220	222	250	768	1478	1869	2673	4350	17741	8275	6861	2067	1207	1360	0	721	256	0	206	0	0	0	0	0	0	0	0	0	0	0	0	0	0	0	0	0	0	0	0	0	0	0	0	0	0	0	0	0	0	0	0	0	0	0	0	0	0	0
Wilpoe147	LTR	Unknown	37	0	63	76	701	1468	3061	1560	3596	6346	5210	11349	5310	1172	4615	2178	4527	2008	967	1490	1907	1474	1322	2168	2248	2538	5435	5048	5473	6887	7718	8176	6411	7036	6370	5218	3855	4058	4272	3818	3706	1728	1989	1615	747	29	400	87	0	0	0	0	0	0	0	0	0	0	0	0	0	0	0	0	0	0	0	0	0	0	0	0	0	0	0	0	0	0	0	0	0	0	0	0	0	0	0	0	0	0	0	0	0	0	0	0	0	0	0	0
Wilpoe013	LTR	Unknown	0	0	298	2332	11652	9244	28257	24363	15655	14098	8071	4866	2419	2707	787	4530	3864	2094	1186	110	154	269	1042	727	784	93	103	93	0	38	334	0	40	353	24	7	0	180	0	553	0	0	0	24	0	0	0	0	0	0	0	0	0	0	0	0	0	0	0	0	0	0	0	0	0	0	0	0	0	0	0	0	0	0	0	0	0	0	0	0	0	0	0	0	0	0	0	0	0	0	0	0	0	0	0	0	0	0	0	0
Wilpoe115	LTR	Unknown	0	0	0	0	0	174	1416	1627	3602	4510	6635	6510	5701	4915	6792	2249	5660	6756	4874	3557	3317	3923	4051	4186	2509	1273	3294	2314	1423	1912	867	1040	880	0	832	0	121	0	0	0	0	0	0	0	0	0	0	0	0	0	0	0	0	0	0	0	0	0	0	0	0	0	0	0	0	0	0	0	0	0	0	0	0	0	0	0	0	0	0	0	0	0	0	0	0	0	0	0	0	0	0	0	0	0	0	0	0	0	0	0
TguLTRL2a8-Le_fAlb	LTR	ERV3	0	0	0	0	0	0	0	0	0	0	0	0	0	0	0	0	0	0	0	0	0	0	0	0	0	0	0	0	0	29	0	0	0	0	0	0	0	0	0	0	0	0	0	0	0	0	0	0	0	0	0	0	0	0	0	0	0	0	0	0	0	0	0	0	0	0	0	0	0	0	0	0	0	0	0	0	0	0	0	0	0	0	0	0	0	0	0	0	0	0	0	0	0	0	0	0	0	0	0	0
fAlbLTRK12a	LTR	ERV2	0	0	0	0	0	0	0	0	0	0	0	0	0	0	0	0	0	0	0	0	0	52	0	0	0	0	0	0	0	0	0	0	0	0	0	0	0	0	0	0	0	0	0	0	0	0	0	0	0	0	0	0	0	0	0	0	0	0	0	0	0	0	0	0	0	0	0	0	0	0	0	0	0	0	0	0	0	0	0	0	0	0	0	0	0	0	0	0	0	0	0	0	0	0	0	0	0	0	0	0
TguLTRL1a6-L_fAlb	LTR	ERV3	0	0	0	0	0	0	0	0	0	0	0	0	0	0	0	0	0	0	0	0	53	43	0	555	0	0	0	0	43	0	0	0	559	530	673	0	0	376	0	0	0	0	0	0	0	0	756	494	547	0	0	0	915	0	0	0	679	0	0	0	0	0	0	0	0	0	0	0	0	0	0	0	0	0	0	0	0	0	0	0	0	0	0	0	0	0	0	0	0	0	0	0	0	0	0	0	0	0	0	0
TguLTR13e_Ucy	LTR	ERV1	0	0	0	0	0	0	0	0	0	0	0	0	0	0	0	0	0	0	0	0	0	0	0	0	0	0	0	0	0	0	0	0	213	0	0	0	462	0	198	0	0	0	0	0	205	0	0	0	0	0	0	0	0	0	0	0	0	0	0	0	0	0	0	0	0	0	0	0	0	0	0	0	0	0	0	0	0	0	0	0	0	0	0	0	0	0	0	0	0	0	0	0	0	0	0	0	0	0	0	0
AviRTE_Calypte_anna	LINE	RTE-BovB	0	0	0	42	0	0	47	39	0	66	0	0	0	0	0	0	38	0	21	0	0	0	0	0	0	0	52	0	0	0	0	1	0	0	20	0	0	0	0	0	0	0	0	0	0	0	0	0	0	0	0	0	0	0	0	0	0	0	0	0	0	0	0	0	0	0	0	0	0	0	0	0	0	0	0	0	0	0	0	0	0	0	0	0	0	0	0	0	0	0	0	0	0	0	0	0	0	0	0	0
AviRTE_Tinamus_guttatus	LINE	RTE-BovB	0	0	0	0	0	0	0	0	0	0	0	0	346	397	3109	814	739	2963	3922	759	816	342	195	10	0	0	0	22	0	0	233	0	2	0	71	0	0	82	0	0	0	0	0	0	0	0	0	0	0	0	0	0	0	0	0	0	0	0	0	0	0	0	0	0	0	0	0	0	0	0	0	0	0	0	0	0	0	0	0	0	0	0	0	0	0	0	0	0	0	0	0	0	0	0	0	0	0	0	0	0
Wilpoe025	LINE	CR1	31	0	0	38	0	0	198	419	85	411	514	452	1076	2199	2897	3225	3603	7223	7162	8675	12416	13554	11410	15763	11609	9529	10638	10548	6649	6335	5824	5978	3482	4128	4202	1748	3147	1810	1414	1799	1376	480	1101	1306	920	1209	1582	1568	1439	975	352	362	2175	2242	1107	189	360	0	0	0	0	0	0	0	0	0	0	0	0	0	0	0	0	0	0	0	0	0	0	0	0	0	0	0	0	0	0	0	0	0	0	0	0	0	0	0	0	0	0	0
Wilpoe028	LTR	Unknown	2616	982	3509	42696	152505	284509	273444	151926	97192	65808	57986	53289	46700	47119	31087	12309	10595	8906	3825	6163	3704	4898	1156	2390	612	203	395	23	0	620	261	199	96	0	165	202	297	464	156	0	242	0	0	0	0	0	0	0	0	0	0	0	0	0	0	0	0	0	0	0	0	0	0	0	0	0	0	0	0	0	0	0	0	0	0	0	0	0	0	0	0	0	0	0	0	0	0	0	0	0	0	0	0	0	0	0	0	0	0	0
TguERVL2a2_LTR-L_Ucy	LTR	ERV3	0	0	0	0	0	0	0	0	0	0	0	0	0	0	0	0	0	0	44	0	0	0	186	0	0	96	0	177	139	339	248	0	534	296	398	271	0	296	433	93	323	87	118	30	427	57	0	0	0	0	0	0	0	35	0	0	0	0	0	0	0	0	0	0	0	0	0	0	0	0	0	0	0	0	0	0	0	0	0	0	0	0	0	0	0	0	0	0	0	0	0	0	0	0	0	0	0	0	0	0
CR1-E2_fAlb	LINE	CR1	165	400	61	484	307	424	865	2522	3907	3724	8855	10927	13766	19027	20208	21043	24260	23611	21213	20439	20321	14806	12548	9813	9661	7705	5192	5941	3809	3016	2267	2523	1305	1020	1246	722	572	378	471	584	11	150	78	130	29	66	186	74	16	21	0	38	0	0	0	0	0	0	0	0	0	0	0	0	0	0	0	0	0	0	0	0	0	0	0	0	0	0	0	0	0	0	0	0	0	0	0	0	0	0	0	0	0	0	0	0	0	0	0	0
Wilpoe104	LTR	Unknown	0	0	0	0	0	0	0	0	0	0	0	0	0	423	2176	97	3060	1765	2643	2653	2641	2118	441	3834	1766	366	3122	7500	7499	4877	8708	4894	5161	3611	1546	1167	1449	1379	426	403	720	704	0	272	713	0	0	273	0	0	556	0	0	0	0	281	0	0	0	0	0	0	0	0	0	0	0	0	0	0	0	0	0	0	0	0	0	0	0	0	0	0	0	0	0	0	0	0	0	0	0	0	0	0	0	0	0	0	0	0
TguLTR6a_Ucy	LTR	ERV3	27	0	0	0	37	0	44	0	51	193	0	51	0	125	141	165	218	497	1174	1787	2447	3244	4976	7217	13044	11139	19278	19261	24175	25262	28528	31490	27801	28023	22572	10296	10348	8994	4427	1903	1875	1678	462	556	0	148	0	228	17	0	0	0	0	0	0	0	0	0	0	0	0	0	0	0	0	0	0	0	0	0	0	0	0	0	0	0	0	0	0	0	0	0	0	0	0	0	0	0	0	0	0	0	0	0	0	0	0	0	0	0
Wilpoe020	LTR	Unknown	0	0	0	1418	605	4485	969	1793	6837	3183	4113	2925	1407	111	269	5778	0	8	3360	777	2675	1787	1304	965	445	375	777	295	290	0	71	0	52	26	115	0	39	85	0	105	50	0	135	0	0	0	328	0	0	0	0	0	0	0	0	0	0	0	0	0	0	0	0	0	0	0	0	0	0	0	0	0	0	0	0	0	0	0	0	0	0	0	0	0	0	0	0	0	0	0	0	0	0	0	0	0	0	0	0	0
Wilpoe107	LTR	Unknown	0	0	0	0	0	53	51	225	146	633	2524	3783	5294	6961	5524	6282	4380	4750	5542	3520	1702	580	2261	1908	1404	1077	1642	1261	458	1136	1088	1346	1439	2975	2721	3361	4256	3321	3546	5677	3567	1634	1921	1334	1455	1243	196	266	0	0	0	0	0	0	0	0	0	0	0	0	0	0	0	0	0	0	0	0	0	0	0	0	0	0	0	0	0	0	0	0	0	0	0	0	0	0	0	0	0	0	0	0	0	0	0	0	0	0	0	0
CR1-X1NA_Ucy	LINE	CR1	0	0	182	166	207	262	305	879	1196	1708	2676	4901	4042	8547	11481	10880	19447	23186	33154	32651	36845	30372	32401	31027	26362	21956	18817	14944	13264	9127	7002	6039	5950	4829	2302	2406	2691	3074	2222	1862	1325	898	1792	684	699	841	1003	539	277	534	134	176	79	0	95	0	0	75	0	0	0	0	0	0	0	0	0	0	0	0	0	0	0	0	0	0	0	0	0	0	0	0	0	0	0	0	0	0	0	0	0	0	0	0	0	0	0	0	0	0
Wilpoe093	LTR	Unknown	29	0	0	0	128	128	658	838	14801	15068	28926	34045	26894	21358	20903	18720	14344	5421	9440	3128	4607	894	1855	854	655	1121	1116	458	1051	459	2401	2653	2493	1017	1224	1819	2428	3472	2319	2003	2375	937	1347	1093	480	0	238	0	0	0	0	0	0	0	0	0	0	0	0	0	0	0	0	0	0	0	0	0	0	0	0	0	0	0	0	0	0	0	0	0	0	0	0	0	0	0	0	0	0	0	0	0	0	0	0	0	0	0	0	0
CR1-E3_fAlb	LINE	CR1	135	0	232	39	104	224	567	1163	2492	4299	8132	13223	19776	32880	47000	64271	83840	107797	122499	131483	139014	148700	131672	108790	96432	81864	61354	44459	35473	26681	19206	12646	6596	3377	3720	3578	1717	1353	1262	1670	475	471	819	551	625	684	587	584	353	731	501	313	271	332	160	114	43	162	0	0	0	0	0	0	0	0	0	0	0	0	0	0	0	0	0	0	0	0	0	0	0	0	0	0	0	0	0	0	0	0	0	0	0	0	0	0	0	0	0	0
TguLTRL2a8-Lc_fAlb	LTR	ERV3	0	0	0	0	0	0	0	0	0	0	0	0	0	0	0	0	41	0	0	0	0	43	0	75	53	0	0	55	0	59	0	128	0	84	0	0	86	0	0	0	0	0	0	0	0	0	0	0	0	0	0	0	0	0	0	0	0	0	0	0	0	0	0	0	0	0	0	0	0	0	0	0	0	0	0	0	0	0	0	0	0	0	0	0	0	0	0	0	0	0	0	0	0	0	0	0	0	0	0	0
Wilpoe029	LINE	CR1	57	0	51	92	37	116	252	792	458	830	899	1662	3525	7287	11232	20292	36729	76790	107823	147681	177283	185104	208146	207623	173702	181660	134764	130084	103103	75689	58460	39778	32048	23384	14557	13786	16627	15807	23791	29376	41438	77195	70855	81234	78179	83919	81490	69807	52872	25035	24450	14818	9933	4677	3106	2096	1093	1589	855	640	0	0	0	0	0	0	0	0	0	0	0	0	0	0	0	0	0	0	0	0	0	0	0	0	0	0	0	0	0	0	0	0	0	0	0	0	0	0	0	0
Wilpoe038	LTR	ERVL	83	0	319	486	2877	4088	8980	7871	5479	3310	1125	5524	786	2871	682	693	406	1006	452	205	728	1683	867	976	767	4751	2279	2683	35	234	353	228	16	5	71	839	421	180	157	389	0	25	26	0	0	584	128	106	218	0	0	0	0	0	0	0	0	0	0	0	0	0	0	0	0	0	0	0	0	0	0	0	0	0	0	0	0	0	0	0	0	0	0	0	0	0	0	0	0	0	0	0	0	0	0	0	0	0	0	0
Wilpoe111	LTR	Unknown	0	216	1974	3975	5266	4717	4289	2689	2696	2827	2963	1598	955	665	111	156	19	230	438	0	1	31	39	0	0	31	0	0	0	0	89	50	0	59	0	0	26	0	0	26	0	0	0	0	0	0	0	0	0	0	0	0	0	0	0	0	0	0	0	0	0	0	0	0	0	0	0	0	0	0	0	0	0	0	0	0	0	0	0	0	0	0	0	0	0	0	0	0	0	0	0	0	0	0	0	0	0	0	0	0
Wilpoe102	SINE	AviRTE	326	3363	17720	69316	128775	129166	87278	50589	29740	20294	30629	39872	57724	66841	73762	74845	72651	66288	57401	37000	30495	22023	12534	10597	3652	2258	1383	639	584	412	0	122	125	270	107	0	243	0	158	0	366	65	227	70	0	124	0	70	66	0	0	0	0	0	0	0	0	0	0	0	0	0	0	0	0	0	0	0	0	0	0	0	0	0	0	0	0	0	0	0	0	0	0	0	0	0	0	0	0	0	0	0	0	0	0	0	0	0	0	0
TguERVL2b1_LTR-Lb_fAlb	LTR	ERV3	0	0	0	0	0	29	0	0	0	0	0	0	0	0	0	0	0	0	0	0	0	0	0	0	0	0	0	0	0	0	0	0	0	0	0	0	0	0	0	0	0	0	0	0	0	0	0	0	0	0	0	0	0	0	0	0	0	0	0	0	0	0	0	0	0	0	0	0	0	0	0	0	0	0	0	0	0	0	0	0	0	0	0	0	0	0	0	0	0	0	0	0	0	0	0	0	0	0	0	0
Wilpoe055	Unknown	Unknown	31	202	3557	6657	11413	6154	3452	1498	0	154	0	79	684	2043	1389	2064	1815	623	1765	758	241	189	238	0	0	0	0	0	187	0	144	0	0	213	135	0	0	0	0	0	0	0	0	0	235	0	0	0	0	0	0	0	0	0	0	0	0	0	0	0	0	0	0	0	0	0	0	0	0	0	0	0	0	0	0	0	0	0	0	0	0	0	0	0	0	0	0	0	0	0	0	0	0	0	0	0	0	0	0	0
Wilpoe085	LTR	Unknown	0	0	0	84	0	294	127	273	76	559	471	317	1702	3582	7579	18928	20269	17071	15656	22699	21749	13535	14671	4719	11163	12658	8514	19484	15088	16106	17268	18860	22843	18163	18900	15538	12948	8226	8108	4617	2452	2080	1193	552	92	503	137	0	0	0	0	0	0	0	0	0	0	0	0	0	0	0	0	0	0	0	0	0	0	0	0	0	0	0	0	0	0	0	0	0	0	0	0	0	0	0	0	0	0	0	0	0	0	0	0	0	0	0	0	0
Wilpoe148	LTR	Unknown	249	0	0	4668	3924	12715	11781	11585	13801	12775	17402	8522	2624	3156	1455	671	1145	459	1841	2668	2541	4060	3248	1269	419	1641	462	1055	0	0	0	0	0	0	0	0	0	0	0	0	0	0	0	270	0	0	0	0	0	0	0	0	0	0	0	0	0	0	0	0	0	0	0	0	0	0	0	0	0	0	0	0	0	0	0	0	0	0	0	0	0	0	0	0	0	0	0	0	0	0	0	0	0	0	0	0	0	0	0	0
Wilpoe144	LTR	ERVL	81	0	376	1141	2939	22263	9059	8946	10811	5488	6099	3229	6321	4365	3909	3035	3836	5144	4204	1655	2330	532	1978	1779	964	800	2530	3390	4773	8074	2959	3508	2766	4214	3468	1813	1160	648	790	342	545	426	344	847	281	37	0	21	0	71	0	76	21	0	0	0	0	0	0	0	0	0	0	0	0	0	0	0	0	0	0	0	0	0	0	0	0	0	0	0	0	0	0	0	0	0	0	0	0	0	0	0	0	0	0	0	0	0	0	0
TguERVK6a_LTR_Ucy	LTR	ERV2	0	0	0	0	0	0	0	0	0	0	0	0	0	0	31	0	0	0	0	0	0	0	0	0	0	0	0	0	0	0	0	0	0	0	68	0	0	0	0	0	0	0	0	0	0	0	0	0	0	0	0	0	0	0	0	0	0	0	0	0	0	0	0	0	0	0	0	0	0	0	0	0	0	0	0	0	0	0	0	0	0	0	0	0	0	0	0	0	0	0	0	0	0	0	0	0	0	0	0	0
Wilpoe034	LTR	ERVL	31	0	0	43	0	0	68	83	0	0	193	187	1187	956	2041	2190	13004	11865	19788	23247	25428	28271	22390	25927	19167	15257	12106	9299	8276	6715	10223	8933	7262	9655	8733	10661	11336	5869	7099	6380	4381	4307	2022	2340	1656	1496	1044	466	21	266	0	230	0	0	0	0	0	0	0	0	0	0	0	0	0	0	0	0	0	0	0	0	0	0	0	0	0	0	0	0	0	0	0	0	0	0	0	0	0	0	0	0	0	0	0	0	0	0	0	0
Wilpoe066	LTR	Unknown	0	0	0	0	0	0	0	1060	677	373	1506	2997	799	3156	1727	1690	2171	1358	2835	1522	1118	2545	1919	3511	2562	2106	3438	2678	3003	1958	2833	6589	7892	6972	4509	6780	2584	1732	1900	731	678	566	0	595	0	208	0	135	0	0	0	211	0	0	0	0	0	0	0	0	0	0	0	0	0	0	0	0	0	0	0	0	0	0	0	0	0	0	0	0	0	0	0	0	0	0	0	0	0	0	0	0	0	0	0	0	0	0	0	0
Wilpoe154	Unknown	Unknown	81	0	314	159	597	79	3668	7507	23546	38514	48421	57553	33964	19961	8731	1330	3522	1679	1678	161	0	0	0	47	0	0	8	0	62	297	0	0	0	0	35	0	0	110	0	0	0	0	0	0	0	0	0	0	0	0	0	0	0	0	0	0	0	0	0	0	0	0	0	0	0	0	0	0	0	0	0	0	0	0	0	0	0	0	0	0	0	0	0	0	0	0	0	0	0	0	0	0	0	0	0	0	0	0	0	0
Wilpoe150	LTR	Unknown	4165	16249	81603	171467	197328	155859	102272	88812	51034	40719	28825	22926	15644	12758	11710	5979	7991	5007	6246	5498	4995	7508	5644	6290	5488	5660	5542	4544	5337	4279	4284	5243	4895	4704	3897	3926	4742	4372	3761	2959	3481	4550	3078	3104	4204	2921	3461	2316	3279	2657	1869	1239	874	551	419	186	89	0	0	0	0	0	0	0	0	0	0	0	0	0	0	0	0	0	0	0	0	0	0	0	0	0	0	0	0	0	0	0	0	0	0	0	0	0	0	0	0	0	0	0
Wilpoe003	LTR	ERVK	133124	157048	28955	91567	94930	59871	21044	2828	5215	0	15	63	0	13	30	0	58	0	3633	354	0	43	0	0	0	0	40	0	1424	0	0	0	0	1655	0	0	4845	2772	0	0	0	194	0	0	1262	542	3217	2431	4034	6208	10020	3660	3175	1870	926	0	0	0	49	97	0	0	0	0	0	0	0	0	0	0	0	0	0	0	0	0	0	0	0	0	0	0	0	0	0	0	0	0	0	0	0	0	0	0	0	0	0	0	0	0
Wilpoe100	LTR	Unknown	157	0	707	2906	9055	18280	32525	29139	14580	11229	10541	3724	4157	3724	5928	2318	1655	878	459	462	67	100	424	0	426	12	0	21	24	442	0	0	0	0	0	0	0	0	0	0	0	0	0	0	0	0	0	0	0	21	0	0	0	0	0	0	0	0	0	0	0	0	0	0	0	0	0	0	0	0	0	0	0	0	0	0	0	0	0	0	0	0	0	0	0	0	0	0	0	0	0	0	0	0	0	0	0	0	0	0
CR1-E1_fAlb	LINE	CR1	151	0	0	0	196	57	282	584	1012	1733	3589	5531	5805	11143	17734	18047	14869	21489	20291	20482	16367	14930	13779	7936	13051	5681	4238	3648	3386	5412	2923	2788	1631	2119	1364	1924	661	733	742	554	909	415	503	450	494	226	491	239	398	256	38	33	60	102	0	0	0	0	0	0	0	0	0	0	0	0	0	0	0	0	0	0	0	0	0	0	0	0	0	0	0	0	0	0	0	0	0	0	0	0	0	0	0	0	0	0	0	0	0	0
Wilpoe044	LINE	Unknown	0	0	0	0	108	274	371	316	1609	2936	6258	13658	19375	22232	17339	17599	15712	18261	10399	12141	9937	5444	7111	6182	5403	9728	9686	5112	9675	7941	7807	7078	4399	3760	2172	2204	864	1091	543	0	568	0	0	0	0	0	0	0	0	0	0	0	0	0	0	0	0	0	0	0	0	0	0	0	0	0	0	0	0	0	0	0	0	0	0	0	0	0	0	0	0	0	0	0	0	0	0	0	0	0	0	0	0	0	0	0	0	0	0	0
fAlbLTRK10	LTR	ERV2	0	0	0	0	0	0	0	0	0	0	0	0	0	0	0	0	0	0	0	0	0	0	0	50	0	0	0	0	0	0	0	0	0	0	0	0	0	0	0	0	0	0	0	0	0	0	0	0	0	0	0	0	0	0	0	0	0	0	0	0	0	0	0	0	0	0	0	0	0	0	0	0	0	0	0	0	0	0	0	0	0	0	0	0	0	0	0	0	0	0	0	0	0	0	0	0	0	0	0	0
Wilpoe027	LTR	Unknown	0	0	0	82	107	333	1515	1230	6181	8231	16924	18977	8184	6812	5439	4233	4240	3587	4154	3022	3303	5443	4723	5444	5539	9293	8077	17255	25691	38993	53753	67081	76253	94734	109641	115037	100840	104234	81020	60865	46324	39964	20926	13792	6406	4175	2404	1544	691	206	213	0	0	308	0	0	0	0	0	0	0	0	0	0	0	0	0	0	0	0	0	0	0	0	0	0	0	0	0	0	0	0	0	0	0	0	0	0	0	0	0	0	0	0	0	0	0	0	0	0
TguLTR5a-b_Ucy	LTR	ERV3	0	0	0	0	32	0	47	272	123	257	602	344	470	673	945	1446	1900	2397	2684	6564	7575	16498	21957	41973	45396	60444	54428	63560	65794	55793	57562	45692	36040	36809	26043	21034	15411	10213	7333	6979	3856	3361	4919	4637	4293	975	1855	2368	851	268	61	152	0	0	0	0	0	0	0	0	0	0	0	0	0	0	0	0	0	0	0	0	0	0	0	0	0	0	0	0	0	0	0	0	0	0	0	0	0	0	0	0	0	0	0	0	0	0	0	0
TguLTRL1b-L_fAlb	LTR	ERV3	0	0	0	0	0	0	0	0	0	0	0	0	0	0	0	0	0	0	0	0	0	0	0	0	0	0	0	0	0	0	0	0	0	0	0	0	0	0	63	0	0	0	0	0	0	0	0	0	0	0	0	0	0	0	0	0	0	0	0	0	0	0	0	0	0	0	0	0	0	0	0	0	0	0	0	0	0	0	0	0	0	0	0	0	0	0	0	0	0	0	0	0	0	0	0	0	0	0	0	0
Wilpoe145	LTR	Unknown	8624	28969	30991	20403	50825	17448	11251	17073	7422	4098	2860	811	379	0	372	0	0	410	1657	410	841	133	132	0	271	345	1284	1582	2811	3127	1838	1034	1397	1911	2847	2841	2925	2785	2845	2020	1978	2732	1566	1599	1490	189	687	338	140	0	0	0	0	0	0	0	0	0	0	0	0	0	0	0	0	0	0	0	0	0	0	0	0	0	0	0	0	0	0	0	0	0	0	0	0	0	0	0	0	0	0	0	0	0	0	0	0	0	0	0
Wilpoe109	LTR	Unknown	3409	35053	42900	20111	13864	7580	7589	5705	1615	2506	1141	2605	1028	2751	2201	2730	686	1645	1174	3397	5485	1974	4935	1618	588	2406	3423	3374	3347	6883	3794	7483	9764	6542	8890	5661	3558	242	99	196	247	28	226	91	196	0	0	0	0	0	0	0	0	0	0	0	0	0	0	0	0	0	0	0	0	0	0	0	0	0	0	0	0	0	0	0	0	0	0	0	0	0	0	0	0	0	0	0	0	0	0	0	0	0	0	0	0	0	0	0
Wilpoe133	LTR	Unknown	784	760	1306	1122	1685	1473	495	1108	1865	588	360	355	0	0	1693	2040	358	605	0	0	0	0	0	0	610	0	0	0	365	0	0	0	0	67	10	0	0	0	0	0	0	0	0	190	0	0	0	0	0	0	0	0	0	0	0	0	0	0	0	0	0	0	0	0	0	0	0	0	0	0	0	0	0	0	0	0	0	0	0	0	0	0	0	0	0	0	0	0	0	0	0	0	0	0	0	0	0	0	0	0
Wilpoe117	LTR	Unknown	222	1337	12878	18487	27719	13176	10267	7724	7566	2720	4298	6284	4994	7418	6650	4946	5349	1656	3213	1647	566	524	0	0	185	0	640	0	0	0	0	0	292	0	0	0	0	0	0	98	0	0	0	0	0	0	0	0	0	0	0	0	0	0	0	0	0	0	0	0	0	0	0	0	0	0	0	0	0	0	0	0	0	0	0	0	0	0	0	0	0	0	0	0	0	0	0	0	0	0	0	0	0	0	0	0	0	0	0	0
Wilpoe140	LTR	ERVK	2755	28992	186274	97115	41333	6689	0	14937	151	0	188	155	524	62	2576	37	106	1732	1990	280	280	523	0	59	527	0	544	0	8	106	0	33	0	4059	7	172	424	0	41	249	375	43	383	379	544	812	3740	1775	5592	4225	7331	4745	4368	419	528	543	370	0	114	0	0	0	0	0	82	0	0	0	0	0	0	0	0	0	0	0	0	0	0	0	0	0	0	0	0	0	0	0	0	0	0	0	0	0	0	0	0	0	0	0
Wilpoe026	LINE	RTE	3295	153616	384690	250332	215804	254370	201402	184280	192806	150592	213183	220716	151560	134219	100196	47036	26494	26014	9915	6660	6128	4510	2073	3558	1417	1103	1519	105	230	446	277	35	138	18	43	0	45	0	0	0	0	0	0	0	0	0	0	0	0	0	0	0	0	0	0	0	0	0	0	0	0	0	0	0	0	0	0	0	0	0	0	0	0	0	0	0	0	0	0	0	0	0	0	0	0	0	0	0	0	0	0	0	0	0	0	0	0	0	0	0
UcyLTRK6	LTR	ERV2	0	0	0	0	0	0	0	0	0	0	0	0	0	0	0	0	0	0	0	0	0	0	0	0	0	0	0	0	0	0	0	0	0	0	0	0	71	0	0	0	0	0	0	0	0	0	0	0	0	0	0	0	0	0	0	0	0	0	0	0	0	0	0	0	0	0	0	0	0	0	0	0	0	0	0	0	0	0	0	0	0	0	0	0	0	0	0	0	0	0	0	0	0	0	0	0	0	0	0	0
UcyLTRL3	LTR	ERV3	0	0	0	0	0	0	0	0	0	0	0	0	0	0	0	0	0	0	0	0	0	0	0	0	0	0	52	0	0	0	0	0	0	0	0	0	0	0	0	0	0	0	0	0	0	0	0	0	0	0	0	0	0	0	0	0	0	0	0	0	0	0	0	0	0	0	0	0	0	0	0	0	0	0	0	0	0	0	0	0	0	0	0	0	0	0	0	0	0	0	0	0	0	0	0	0	0	0	0	0
Wilpoe110	LTR	ERVL	0	0	0	38	0	0	0	0	1135	0	1426	3856	4726	1277	7570	7695	3113	4278	2539	1345	2512	1660	2709	1882	1242	2104	634	1888	2862	1452	2315	2371	842	1608	750	1563	2992	2378	2191	3572	2037	1829	1698	636	933	195	974	133	173	13	0	0	0	0	0	0	0	0	0	0	0	0	0	0	0	0	0	0	0	0	0	0	0	0	0	0	0	0	0	0	0	0	0	0	0	0	0	0	0	0	0	0	0	0	0	0	0	0	0	0
Wilpoe081	LTR	ERVK	15362	59976	36507	38457	43991	37321	27553	6740	6284	4642	2734	0	0	0	2069	6	0	0	0	6	0	0	0	2076	0	0	846	0	0	0	0	164	0	4034	3055	68	0	0	0	0	267	1007	0	2436	5202	3044	2382	3810	5799	2864	1787	777	0	876	0	0	0	52	0	0	0	0	0	0	0	0	0	0	0	0	0	0	0	0	0	0	0	0	0	0	0	0	0	0	0	0	0	0	0	0	0	0	0	0	0	0	0	0	0	0
CR1-J2_fAlb	LINE	CR1	0	0	0	0	0	27	0	0	104	47	129	158	49	114	304	228	529	753	651	1548	1338	2411	2361	5956	4748	4551	5128	4288	5366	4262	4392	4411	3882	4217	1434	1297	1884	418	1276	679	451	712	486	547	244	59	457	104	243	358	516	272	47	118	0	0	0	47	0	0	0	0	0	0	0	0	0	0	0	0	0	0	0	0	0	0	0	0	0	0	0	0	0	0	0	0	0	0	0	0	0	0	0	0	0	0	0	0	0	0
TguLTR5a-a_Ucy	LTR	ERV3	30	0	0	0	0	0	0	0	36	112	0	148	440	373	872	397	693	1074	836	1222	1180	1325	2238	2882	6847	6082	8189	11556	15731	12462	14087	15351	15084	16654	13998	11295	10480	9208	5982	4679	4005	4238	2874	1959	1882	1623	971	820	605	130	398	115	117	0	0	0	109	0	0	0	0	0	0	0	0	0	0	0	0	0	0	0	0	0	0	0	0	0	0	0	0	0	0	0	0	0	0	0	0	0	0	0	0	0	0	0	0	0	0	0
Wilpoe151	LTR	Unknown	6263	8844	8077	612	1837	2457	951	0	736	144	1076	3446	718	0	162	60	0	0	0	0	0	110	144	0	0	159	109	0	86	0	0	0	0	0	0	0	0	0	0	0	0	0	0	0	0	0	0	0	0	0	0	0	0	0	0	0	0	0	0	0	0	0	0	0	0	0	0	0	0	0	0	0	0	0	0	0	0	0	0	0	0	0	0	0	0	0	0	0	0	0	0	0	0	0	0	0	0	0	0	0
Wilpoe032	LTR	ERVL	0	0	0	0	100	0	71	43	210	303	45	326	882	1165	4481	8487	14103	19190	32858	27243	40815	32084	38002	28712	25683	22077	22023	20180	15641	9015	13328	8895	13801	9099	12304	11587	10817	12760	11413	8417	8394	5700	5133	2702	2129	865	309	264	0	13	0	0	0	0	0	0	0	0	0	0	0	0	0	0	0	0	0	0	0	0	0	0	0	0	0	0	0	0	0	0	0	0	0	0	0	0	0	0	0	0	0	0	0	0	0	0	0	0	0	0
CR1-J1b_fAlb	LINE	CR1	19	0	0	0	0	29	44	0	89	126	120	0	180	273	192	367	1351	515	344	587	3063	3276	4524	6620	10688	12180	13795	17825	17808	16367	13278	12212	11180	11989	7517	8166	5448	5007	4461	3307	3736	3300	2542	2190	2007	884	758	880	160	380	150	205	269	48	0	43	0	40	0	0	0	0	0	0	0	0	0	0	0	0	0	0	0	0	0	0	0	0	0	0	0	0	0	0	0	0	0	0	0	0	0	0	0	0	0	0	0	0	0	0
Wilpoe086	Unknown	Unknown	241	2670	10837	59411	78324	31053	14859	5491	2400	632	992	481	204	132	1062	0	0	0	97	0	0	70	38	19	66	175	67	153	95	191	142	306	458	379	372	647	1160	3202	1210	938	525	289	266	476	114	81	97	0	97	141	0	0	0	0	0	0	22	0	0	0	0	0	0	0	0	0	0	0	0	0	0	0	0	0	0	0	0	0	0	0	0	0	0	0	0	0	0	0	0	0	0	0	0	0	0	0	0	0	0	0
Wilpoe101	SINE	SINE2	2077	9749	26940	48922	64645	79563	77456	73512	57412	41472	48239	40013	24273	12117	9201	7673	4279	3818	2952	3647	3731	4410	3584	3545	2650	1803	2064	1316	1573	1314	681	944	556	878	233	631	129	116	89	236	64	46	106	15	78	17	0	0	0	0	0	0	0	0	0	0	0	0	0	0	0	0	0	0	0	0	0	0	0	0	0	0	0	0	0	0	0	0	0	0	0	0	0	0	0	0	0	0	0	0	0	0	0	0	0	0	0	0	0	0
TguERVL2_I_Ucy	LTR	ERVL	0	0	0	0	0	0	0	0	0	0	0	0	0	0	0	48	201	48	43	0	58	42	225	355	237	79	221	181	1400	722	623	119	206	930	312	205	1426	201	193	470	616	973	666	1031	314	622	2574	877	520	2059	1267	775	470	40	116	521	0	411	0	0	0	0	0	0	0	0	0	0	0	0	0	0	0	0	0	0	0	0	0	0	0	0	0	0	0	0	0	0	0	0	0	0	0	0	0	0	0	0	0	0
Wilpoe087	Unknown	Unknown	46	2314	3236	7067	11519	6314	6186	8845	6351	5401	6295	6768	4188	9032	7392	6599	5365	6204	3632	4134	2286	1695	2594	1541	1422	808	1939	680	1492	643	457	363	900	1295	1347	1260	852	1018	644	811	783	473	587	1207	952	869	831	893	209	213	129	18	14	0	0	0	0	0	0	0	0	0	0	0	0	0	0	0	0	0	0	0	0	0	0	0	0	0	0	0	0	0	0	0	0	0	0	0	0	0	0	0	0	0	0	0	0	0	0	0
TguLTRL4a-Lb_fAlb	LTR	ERV3	0	0	0	0	0	0	0	0	0	0	58	0	0	0	0	0	287	0	58	0	74	79	19	0	11	0	0	0	54	0	256	4	45	83	53	31	12	99	299	0	16	300	89	29	88	131	0	14	0	52	0	17	0	0	0	0	0	0	0	0	0	0	0	0	0	0	0	0	0	0	0	0	0	0	0	0	0	0	0	0	0	0	0	0	0	0	0	0	0	0	0	0	0	0	0	0	0	0	0	0
Wilpoe099	Unknown	Unknown	0	0	121	48	0	565	2764	4585	9890	10937	12867	10050	12413	4886	4637	4968	3231	2043	1918	1961	1944	1377	1156	1008	388	201	2245	123	377	185	729	0	96	0	0	28	136	12	157	0	0	0	0	2	0	0	41	0	0	0	0	0	0	0	0	0	0	0	0	0	0	0	0	0	0	0	0	0	0	0	0	0	0	0	0	0	0	0	0	0	0	0	0	0	0	0	0	0	0	0	0	0	0	0	0	0	0	0	0	0
Wilpoe126	LTR	Unknown	0	0	270	817	1600	2042	814	904	966	270	787	1508	1623	0	1229	819	269	572	0	0	271	0	0	0	13	13	0	0	0	133	32	0	101	0	0	0	0	23	0	0	0	0	0	0	0	0	0	0	0	0	0	0	0	0	0	0	0	0	0	0	0	0	0	0	0	0	0	0	0	0	0	0	0	0	0	0	0	0	0	0	0	0	0	0	0	0	0	0	0	0	0	0	0	0	0	0	0	0	0	0
TguLTRL3c_fAlb	LTR	ERV3	0	0	0	0	0	0	0	0	0	0	0	0	0	0	0	0	0	35	0	0	0	0	0	0	0	0	0	0	0	0	0	0	0	0	0	0	0	0	0	0	0	0	0	0	0	0	0	0	0	0	0	0	0	0	0	0	0	0	0	0	0	0	0	0	0	0	0	0	0	0	0	0	0	0	0	0	0	0	0	0	0	0	0	0	0	0	0	0	0	0	0	0	0	0	0	0	0	0	0	0
Wilpoe021	LTR	Unknown	50	0	491	3824	12005	19414	20415	19116	16479	10308	8199	11917	4221	2416	7802	1490	3298	4144	1392	727	2440	541	1073	764	445	877	3794	4725	7104	8083	5469	3212	6087	7245	4385	4270	2941	1859	3007	1304	1881	2396	1674	1274	874	1192	773	666	570	584	602	0	160	0	298	198	0	0	0	0	0	0	0	0	0	0	0	0	0	0	0	0	0	0	0	0	0	0	0	0	0	0	0	0	0	0	0	0	0	0	0	0	0	0	0	0	0	0	0	0
Wilpoe006	LTR	ERVL	476616	591024	92021	77844	64396	18369	12576	3192	2645	1588	3769	4352	4962	15674	10210	39	5248	2196	5563	5661	2732	2869	3229	17941	297060	458194	98385	39889	92310	71138	55426	27781	13645	19680	31576	15351	26359	30817	27702	22137	24156	10449	19210	15835	24064	18296	11576	5962	3752	2261	2212	3147	2072	818	0	304	528	0	0	0	0	0	0	0	0	0	0	0	0	0	0	0	0	0	0	0	0	0	0	0	0	0	0	0	0	0	0	0	0	0	0	0	0	0	0	0	0	0	0	0
TguERVL2a1_LTR-Lb_Ucy	LTR	ERV3	0	0	0	0	0	0	0	0	0	0	0	0	0	49	0	0	0	0	0	0	0	0	0	0	49	0	0	94	0	0	0	192	124	341	0	0	0	81	0	88	0	0	0	0	0	0	0	0	0	0	0	0	0	34	0	0	0	0	0	0	0	0	0	0	0	0	0	0	0	0	0	0	0	0	0	0	0	0	0	0	0	0	0	0	0	0	0	0	0	0	0	0	0	0	0	0	0	0	0	0
Wilpoe092	Unknown	Unknown	818	0	4344	20331	9556	6639	4256	3136	3232	2136	5292	5709	5853	13973	8590	5437	1502	1590	2728	3225	3660	2606	2197	1976	780	3948	5214	5024	2664	5016	4108	2270	3424	1730	2196	1088	1949	508	1331	699	730	773	311	1365	583	0	0	263	0	225	0	0	129	0	0	0	0	0	0	0	0	0	0	0	0	0	0	0	0	0	0	0	0	0	0	0	0	0	0	0	0	0	0	0	0	0	0	0	0	0	0	0	0	0	0	0	0	0	0	0
Wilpoe142	LTR	Unknown	356	210	3480	9136	22587	27198	22082	17569	9764	2651	1556	862	1410	1075	263	1392	1714	700	631	518	113	517	910	84	532	578	105	375	30	74	0	48	156	0	0	0	174	0	0	236	0	62	0	0	0	0	0	0	0	0	0	0	0	0	0	0	0	0	0	0	0	0	0	0	0	0	0	0	0	0	0	0	0	0	0	0	0	0	0	0	0	0	0	0	0	0	0	0	0	0	0	0	0	0	0	0	0	0	0	0
Wilpoe043	LTR	ERVL	0	0	0	0	0	0	0	0	401	140	113	260	446	1015	3348	8106	9498	19992	33400	34779	51992	62240	59869	60957	53387	47020	45245	28890	31132	19913	30727	14462	14608	14967	17765	16974	9832	5188	6344	5196	5347	3550	1946	1198	1486	1160	712	607	393	0	331	145	0	0	0	0	0	0	0	0	0	0	0	0	0	0	0	0	0	0	0	0	0	0	0	0	0	0	0	0	0	0	0	0	0	0	0	0	0	0	0	0	0	0	0	0	0	0	0	0
Wilpoe082	LINE	CR1	0	0	163	0	0	310	75	0	278	423	984	2306	3877	5561	5110	14474	13318	16550	15615	12716	17884	12042	12472	8836	6352	5727	4991	4775	2400	2837	2648	1464	967	959	1815	769	776	640	620	839	883	929	761	312	238	212	399	97	56	0	0	0	0	18	0	0	0	0	0	0	0	0	0	0	0	0	0	0	0	0	0	0	0	0	0	0	0	0	0	0	0	0	0	0	0	0	0	0	0	0	0	0	0	0	0	0	0	0	0	0
Wilpoe035	LTR	ERVL	0	0	0	43	36	87	49	161	64	82	416	464	2537	2695	8159	26923	33556	40652	71340	67278	50533	49414	39575	46156	38965	32776	28561	23388	29903	33140	30828	29892	26381	30198	20848	26538	19487	12769	14253	9051	7947	3876	2569	1613	1047	678	683	185	166	0	0	219	0	0	0	0	0	0	0	0	0	0	0	0	0	0	0	0	0	0	0	0	0	0	0	0	0	0	0	0	0	0	0	0	0	0	0	0	0	0	0	0	0	0	0	0	0	0	0	0
Wilpoe157	LINE	CR1	244	403	1925	4142	6699	13846	20747	20432	23903	24493	20512	16047	14391	12004	9927	8303	6748	6324	5510	4271	2318	2742	2073	2563	1926	1042	820	613	614	716	202	497	572	459	115	96	112	73	113	102	31	99	26	84	0	0	136	0	45	0	0	0	0	0	0	0	0	0	0	0	0	0	0	0	0	0	0	0	0	0	0	0	0	0	0	0	0	0	0	0	0	0	0	0	0	0	0	0	0	0	0	0	0	0	0	0	0	0	0	0
Wilpoe088	LTR	ERVL	0	0	0	43	0	129	93	251	428	80	626	3888	5221	11764	9577	6488	12040	5649	3423	8302	2283	2268	3386	4210	3993	1702	5099	4334	5756	5176	4257	4468	7899	6816	7737	4592	6852	4786	4312	3217	1383	2166	1071	558	583	167	189	212	0	0	0	0	0	0	0	0	0	0	0	0	0	0	0	0	0	0	0	0	0	0	0	0	0	0	0	0	0	0	0	0	0	0	0	0	0	0	0	0	0	0	0	0	0	0	0	0	0	0	0	0
TguLTRL3c-Lb_fAlb	LTR	ERV3	0	0	0	0	0	0	0	0	0	0	0	0	0	0	45	0	0	0	0	0	0	0	0	0	0	0	0	0	0	0	0	0	0	0	0	0	0	0	0	0	0	0	0	0	0	0	0	0	0	0	0	0	0	0	0	0	0	0	0	0	0	0	0	0	0	0	0	0	0	0	0	0	0	0	0	0	0	0	0	0	0	0	0	0	0	0	0	0	0	0	0	0	0	0	0	0	0	0	0	0
CR1-E5_fAlb	LINE	CR1	29	0	56	217	386	347	386	1307	1046	3569	6737	8441	11911	18427	28990	42798	58053	73861	85711	107083	108947	117747	121540	117374	104498	83703	72135	72270	50413	43425	35949	30603	21161	21419	15977	13677	11882	7501	7059	3962	2615	3905	1304	542	1052	1723	1576	511	434	488	871	124	200	1003	571	143	103	208	160	0	0	0	0	0	0	0	0	0	0	0	0	0	0	0	0	0	0	0	0	0	0	0	0	0	0	0	0	0	0	0	0	0	0	0	0	0	0	0	0	0
