0.001477455360355
0.0014774569556789
0.0015521229798273
0.0016989899386378
0.0014774649863922
0.001477508967724
0.0014774601155605
0.0014775223724808
0.0014774091033511
0.0014773949402174
0.0014774634478977
0.0014774689914495
0.0014775029778356
0.0014785319829511
0.0014774701649441
0.0014772649971852
0.0014774998311985
0.0014774410814951
0.0014774990480365
0.0015975477306389
0.0014774825015838
0.0014774658443589
0.001477469779951
0.0015671629937409
0.0014774365978654
0.0014774241171102
0.0014774682859773
0.0014773997816148
0.0014766435484452
0.0014774707312306
0.0014781790092572
0.0014776699343588
0.0014774817080626
0.0014774635154669
0.0014766108390599
0.0014772902342537
0.0014774652632971
0.001477592948706
0.0014774913546666
0.001477449384534
0.0014774338058961
0.0014774679710198
0.0014774745682088
0.0014774694686291
0.0014774298694118
0.0014779844651382
0.0014774615758704
0.0015086229835412
0.0014774705572461
0.0014774088896374
